1.000000000000000021e-02 7.237349945427961305e-03 2.602085213965210642e-18
1.000000000000000056e-01 5.259739688238435767e-02 2.260343137937821777e-08
5.000000000000000000e-01 4.547240671365174181e-02 5.686489884857622199e-08
8.000000000000000444e-01 3.830487863051790925e-02 1.533305029135931719e-07
1.000000000000000000e+00 3.271305184186559800e-02 2.403506554593888999e-07
1.500000000000000000e+00 2.389443858578136140e-02 1.271732492624672353e-06
2.000000000000000000e+00 1.834233176280329961e-02 1.904835670601234222e-07
2.299999999999999822e+00 1.781242324119704581e-02 1.062173005237693522e-06
2.500000000000000000e+00 1.454141758536827561e-02 1.884392033246788425e-18
2.700000000000000178e+00 1.349384888209797205e-02 1.393189244890212689e-18
3.000000000000000000e+00 1.201483107470542773e-02 6.859663979923301606e-12
4.000000000000000000e+00 9.041603519016687754e-03 0.000000000000000000e+00
5.000000000000000000e+00 7.385859847219368272e-03 2.602085213965210642e-18
