1.000000000000000056e-01 2.702534616339142270e-01 2.138588511311452500e-02
5.000000000000000000e-01 5.811950062136336803e-02 3.892826772382053553e-03
1.000000000000000000e+00 3.891448566057705699e-02 1.878467578525127310e-03
3.000000000000000000e+00 2.505603002918662878e-02 8.815417963810580045e-04
4.000000000000000000e+00 2.297313732027466554e-02 7.665184957317852611e-04
6.000000000000000000e+00 2.064476362655421823e-02 6.073005755137375400e-04
7.000000000000000000e+00 2.032986983847373877e-02 6.188195322894293835e-04
7.500000000000000000e+00 2.021044673019448124e-02 6.597816420453145011e-04
8.000000000000000000e+00 1.915557574388390694e-02 5.424936946689625557e-04
8.500000000000000000e+00 1.933801056790462533e-02 5.269280237429472451e-04
9.000000000000000000e+00 1.788689233464202041e-02 6.862243620064564223e-04
1.000000000000000000e+01 1.538407073694186659e-02 6.943422818412197696e-04
1.050000000000000000e+01 1.536084415244932423e-02 5.993717547427255838e-04
1.100000000000000000e+01 1.179881935386421429e-02 1.707501985814541485e-03
1.200000000000000000e+01 1.050114959595986955e-02 1.371091490235826606e-03
1.300000000000000000e+01 1.067901397126168848e-02 6.892422659486125910e-04
1.500000000000000000e+01 8.122145530980088776e-03 5.171069830090305446e-04
1.600000000000000000e+01 7.748404400043741591e-03 5.092209221006409672e-04
1.700000000000000000e+01 7.490802367804585797e-03 7.004430671933834819e-04
1.800000000000000000e+01 6.366477570187701468e-03 4.338019207755967085e-04
1.900000000000000000e+01 6.127593449160466388e-03 3.715677587018675009e-04
2.000000000000000000e+01 5.575505734059591455e-03 3.911092037706675475e-04
