1.000000000000000056e-01 4.927844746740969034e-02 1.304648823026495963e-03
5.000000000000000000e-01 8.593930917116454626e-02 1.132621086002767296e-03
1.000000000000000000e+00 8.913613074737876396e-02 9.339521429782272855e-04
3.000000000000000000e+00 8.930782036017208270e-02 1.315687313145695201e-03
4.000000000000000000e+00 8.789089916721454232e-02 1.428264047342048303e-03
6.000000000000000000e+00 8.524667680173135531e-02 1.580117740809592946e-03
7.000000000000000000e+00 8.553464699974097640e-02 3.374515716333525289e-04
7.500000000000000000e+00 8.543798709988556506e-02 3.284870786195362023e-04
8.000000000000000000e+00 8.493050817196970415e-02 1.149177878491172960e-03
8.500000000000000000e+00 8.468726906413771849e-02 3.161161178583537937e-04
9.000000000000000000e+00 7.609677792106703254e-02 6.688588853270353548e-04
1.000000000000000000e+01 5.269599618349089104e-02 4.259494741441669733e-04
1.050000000000000000e+01 4.657388430909114446e-02 2.708825027920825040e-04
1.100000000000000000e+01 3.331596997645511898e-02 2.602099458578063730e-04
1.200000000000000000e+01 2.798154564363879854e-02 2.649161674850470673e-04
1.300000000000000000e+01 2.446192008157975495e-02 2.444713932726437912e-04
1.500000000000000000e+01 1.947968023462141873e-02 2.502329454977640926e-04
1.600000000000000000e+01 1.730147333386097483e-02 2.246563757973053820e-04
1.700000000000000000e+01 1.604709911304874614e-02 2.199964944348466070e-04
1.800000000000000000e+01 1.540896201530535248e-02 2.362460669057605417e-04
1.900000000000000000e+01 1.407309385536333231e-02 2.104124776430770448e-04
2.000000000000000000e+01 1.366403093690086827e-02 2.280018360797523885e-04
