1.000000000000000056e-01 5.841757790746996554e-02 7.184054044103444902e-04
5.000000000000000000e-01 9.132134917370247906e-02 8.670469275050948690e-04
1.000000000000000000e+00 9.327491932130808905e-02 8.901295202159791552e-04
3.000000000000000000e+00 9.106316707802651622e-02 5.653764260774097120e-04
4.000000000000000000e+00 9.047778290741050056e-02 5.044617600567970076e-04
6.000000000000000000e+00 8.940447033736881322e-02 4.136555955566681322e-04
8.000000000000000000e+00 6.466017111002402007e-02 3.781820378585172299e-04
9.000000000000000000e+00 5.063813838052273752e-02 3.472580884721955812e-04
1.100000000000000000e+01 3.035410395953007032e-02 3.554103591502332763e-04
1.200000000000000000e+01 2.575374481471266741e-02 3.439480327974697173e-04
1.500000000000000000e+01 1.860131506082180960e-02 3.008592696957973793e-04
1.800000000000000000e+01 1.490059141974302281e-02 2.915571237120478357e-04
2.000000000000000000e+01 1.329325601097184825e-02 2.824942541405996198e-04
