1.000000000000000021e-02 1.317511477954673611e-02 6.692277698773101179e-05
1.000000000000000056e-01 1.460744851334071781e-01 7.064159646653176837e-05
5.000000000000000000e-01 4.836393238983579534e-01 9.763501055394750966e-05
8.000000000000000444e-01 6.736212059471816671e-01 1.072038914722335811e-04
1.000000000000000000e+00 7.648734168823769775e-01 7.404900195213422317e-05
1.500000000000000000e+00 8.793393038857080235e-01 6.560705811310091709e-05
2.000000000000000000e+00 9.201078345639399636e-01 6.503516571388561016e-05
2.500000000000000000e+00 9.383933815504302833e-01 4.432867932940451024e-05
3.000000000000000000e+00 9.482352291612964335e-01 4.110347622548800875e-05
4.000000000000000000e+00 9.587883917690152025e-01 3.869558734906063813e-05
5.000000000000000000e+00 9.644238238889123460e-01 3.785319301099546977e-05
6.000000000000000000e+00 9.678203789468940998e-01 3.426489135982517954e-05
7.000000000000000000e+00 9.701953029387881955e-01 3.178214921823583917e-05
