1.000000000000000021e-02 6.872743107027802154e-03 2.689829814059983322e-05
1.000000000000000056e-01 5.304736755375304147e-02 6.517939457579032924e-05
5.000000000000000000e-01 4.407130505090299522e-02 5.256143241174853186e-05
8.000000000000000444e-01 3.599810591921437375e-02 4.277949238021327359e-05
1.000000000000000000e+00 3.184883781912832557e-02 4.484074848401333916e-05
1.500000000000000000e+00 2.278487926994473417e-02 3.929333551724280488e-05
2.000000000000000000e+00 1.750792342641179292e-02 7.454290067367586470e-05
3.000000000000000000e+00 1.189394904575825744e-02 2.572006108012898606e-05
4.000000000000000000e+00 9.004420975350299616e-03 2.651898197273107747e-05
5.000000000000000000e+00 7.348992345496638615e-03 2.512899407169664952e-05
