1.000000000000000021e-02 2.757726271361397585e-01 1.849912372364143076e-02
1.000000000000000056e-01 9.566632615655053240e-02 4.889379082394585199e-03
5.000000000000000000e-01 2.017180926526192936e-02 1.796409323377374308e-04
8.000000000000000444e-01 2.067097959963228038e-02 4.133044178286524538e-04
1.000000000000000000e+00 2.071331513394289101e-02 5.963217508881575590e-04
1.500000000000000000e+00 2.287852461935957829e-02 4.899490215828266118e-04
1.699999999999999956e+00 2.095638386658794580e-02 2.418943273100638571e-04
2.000000000000000000e+00 2.387319235968436704e-02 4.959039578979998648e-04
2.299999999999999822e+00 2.391816462171224636e-02 4.586873175713926799e-04
2.500000000000000000e+00 2.350557906715077666e-02 5.101923277446992425e-04
2.700000000000000178e+00 2.042620954017567575e-02 4.382086216930446143e-03
3.000000000000000000e+00 1.041451116704049558e-02 9.457549360795403093e-03
3.200000000000000178e+00 5.894837357937761022e-03 8.889368671845027450e-03
4.000000000000000000e+00 1.714503710483117902e-03 5.280291313091566886e-03
5.000000000000000000e+00 9.518221509088698601e-03 1.157966045135814560e-02
