1.000000000000000021e-02 9.022653026038048724e-03 4.578371024279098369e-05
1.000000000000000056e-01 4.985716256178692601e-02 1.259032946064271347e-04
5.000000000000000000e-01 4.420850740364924703e-02 6.365802949806126701e-05
8.000000000000000444e-01 3.718465924279781842e-02 6.522002190393003389e-05
1.000000000000000000e+00 3.179437546793027758e-02 4.165990223504296535e-05
1.500000000000000000e+00 2.203980917610940879e-02 5.447740229599928874e-05
1.699999999999999956e+00 1.917442567503566814e-02 5.105623401102611300e-05
2.000000000000000000e+00 1.656597453846986659e-02 5.181908367554246035e-05
2.299999999999999822e+00 1.534774384799129573e-02 5.510917718382571390e-05
2.500000000000000000e+00 1.592366022282647869e-02 5.494688724379172029e-05
2.700000000000000178e+00 1.329217066580397691e-02 5.429585461011664319e-05
3.000000000000000000e+00 1.184662478298503449e-02 6.337066518473018510e-05
3.200000000000000178e+00 1.120139277817547990e-02 4.845612911916317452e-05
4.000000000000000000e+00 8.984934487477098594e-03 5.317878294014857061e-05
5.000000000000000000e+00 7.316935802801538893e-03 2.528078295612103747e-05
