1.000000000000000021e-02 1.020594819584156807e-02 3.260207651551548383e-04
1.000000000000000056e-01 6.465770356320020562e-02 3.781644729457454531e-04
2.000000000000000111e-01 7.780901502213538601e-02 1.508108538205935197e-04
5.000000000000000000e-01 9.217359531608286527e-02 4.549862269864170185e-04
8.000000000000000444e-01 8.412762627389606951e-02 1.309474779016802433e-04
1.000000000000000000e+00 9.939551781162481170e-02 1.206362907819937680e-04
1.500000000000000000e+00 1.190736147163810599e-01 1.265653961613805341e-04
2.000000000000000000e+00 1.441210018915111690e-01 1.253955110144314416e-04
2.299999999999999822e+00 1.499261415966351985e-01 1.265759800941532154e-04
2.500000000000000000e+00 2.272999333486709350e-01 1.073801224752130549e-04
2.700000000000000178e+00 9.878673717568020596e-02 1.290829593431905352e-04
3.000000000000000000e+00 8.854723016937460223e-01 3.469728126496940358e-04
3.500000000000000000e+00 9.013718815887412639e-01 2.213969352910433500e-04
4.000000000000000000e+00 9.136829218876512115e-01 3.333359095769310057e-04
4.500000000000000000e+00 9.229220118922796257e-01 2.013870151877466782e-04
5.000000000000000000e+00 9.294231152772214344e-01 2.198867470012949154e-04