1.000000000000000021e-02 2.891697190585668653e-01 1.172013397614749463e-03
1.000000000000000056e-01 7.687316932282607651e-02 6.400194744546711069e-04
2.000000000000000111e-01 2.700445491548181254e-02 1.330074060295577767e-04
5.000000000000000000e-01 2.044627473984805474e-02 7.414254224723843976e-05
8.000000000000000444e-01 1.993684507281722612e-02 4.493721001889673043e-05
1.000000000000000000e+00 2.092804030583055724e-02 3.962024097542302331e-05
1.500000000000000000e+00 2.157005474628642325e-02 3.704067875279380890e-05
2.000000000000000000e+00 2.527598110971696760e-02 3.158465726231951559e-05
2.299999999999999822e+00 2.314245136026954475e-02 3.431949650367069798e-05
2.500000000000000000e+00 2.420231457516428680e-02 2.937798301050548785e-05
2.700000000000000178e+00 8.932160247993388598e-04 7.704073246931451851e-06
3.000000000000000000e+00 6.658233239534940874e-04 1.042345677313212531e-05
3.500000000000000000e+00 4.398429275945310471e-04 4.569728626360335363e-06
4.000000000000000000e+00 3.291833713576194421e-04 7.881386873841510047e-06
4.500000000000000000e+00 2.379013459829667479e-04 1.859855911497474966e-06
5.000000000000000000e+00 1.900592272801653276e-04 3.378350093003684844e-06