1.000000000000000021e-02 2.696342225212107202e-01 1.466813582969089856e-03
1.000000000000000056e-01 9.407885766229429070e-02 6.755785271593078801e-04
5.000000000000000000e-01 2.041670922381532208e-02 8.732996523371724408e-05
8.000000000000000444e-01 2.046550149634547913e-02 5.571677520843304959e-05
1.000000000000000000e+00 2.016020589043155883e-02 5.892277027379731746e-05
1.500000000000000000e+00 2.287818980826932316e-02 7.944456152327502847e-05
1.699999999999999956e+00 2.079019957862645804e-02 4.016673090383616752e-05
2.000000000000000000e+00 2.388515266949776950e-02 5.456329653138860863e-05
2.299999999999999822e+00 2.424657730527530336e-02 9.833476105966912665e-05
2.500000000000000000e+00 2.269887724828796235e-02 6.542268038537207776e-05
2.700000000000000178e+00 9.216660781572196502e-04 1.262835594534064599e-05
3.000000000000000000e+00 6.737146694241043189e-04 1.402203549717765000e-05
3.200000000000000178e+00 5.826399441234653099e-04 8.314704056772714789e-06
4.000000000000000000e+00 3.271397722408096558e-04 6.658520972647489900e-06
5.000000000000000000e+00 1.856561523970115947e-04 1.840926342556084832e-06
