1.000000000000000021e-02 1.028279399558193301e-02 1.466723666076764617e-04
1.000000000000000056e-01 6.463364345599720284e-02 1.012217086582289124e-04
2.000000000000000111e-01 7.642197013576486342e-02 5.595574836593542620e-05
5.000000000000000000e-01 8.169395627641092006e-02 5.263698893886495074e-05
8.000000000000000444e-01 8.662947946716886838e-02 3.061257363640429164e-05
1.000000000000000000e+00 8.659318605000061730e-02 2.949020455022252480e-05
1.500000000000000000e+00 8.764705874059677826e-02 2.805887833401898577e-05
2.000000000000000000e+00 8.717718518013695128e-02 2.140211181509827680e-05
2.299999999999999822e+00 8.677258176027587144e-02 2.451696983660403477e-05
2.500000000000000000e+00 7.822991985353025535e-02 2.005224856630868701e-05
2.700000000000000178e+00 9.424503153373067765e-02 2.355606600337859080e-05
3.000000000000000000e+00 7.495429924492816136e-03 2.921914428730001964e-05
3.500000000000000000e+00 6.452112311735911689e-03 1.842593223717100748e-05
4.000000000000000000e+00 5.665539888612305952e-03 3.443941878896393630e-05
4.500000000000000000e+00 5.102440898178803655e-03 1.965367934975033304e-05
5.000000000000000000e+00 4.715416010612918582e-03 1.910015185407377291e-05