1.000000000000000021e-02 1.805112821508949791e-02 3.603271873590713805e-05
1.000000000000000056e-01 6.574454985897267012e-02 6.716103974311886013e-05
5.000000000000000000e-01 2.920147107751541737e-01 2.754984375771501299e-04
8.000000000000000444e-01 4.149411294873709410e-01 3.447203880994426854e-04
1.000000000000000000e+00 4.719002069718768455e-01 2.966783641191808596e-04
1.500000000000000000e+00 6.077531041407926438e-01 3.264667176202755688e-04
2.000000000000000000e+00 6.988264320535734209e-01 3.530129388596731522e-04
3.000000000000000000e+00 8.005672205944902586e-01 1.317666281976815755e-04
4.000000000000000000e+00 8.516793179570745220e-01 1.349652055543975790e-04
5.000000000000000000e+00 8.809369382977575436e-01 1.355674314533836656e-04
