1.000000000000000021e-03 4.999172771721814845e-01
2.000000000000000042e-03 4.998364576554721883e-01
3.000000000000000062e-03 4.997544370527924884e-01
4.000000000000000083e-03 4.996724463350750156e-01
5.000000000000000104e-03 4.995904950715591153e-01
6.000000000000000125e-03 4.995085833209499948e-01
7.000000000000000146e-03 4.994267110680253863e-01
8.000000000000000167e-03 4.993448782969912014e-01
8.999999999999999320e-03 4.992630849920507985e-01
1.000000000000000021e-02 4.991813311374097006e-01
1.099999999999999936e-02 4.990996167172750964e-01
1.200000000000000025e-02 4.990179417158561725e-01
1.299999999999999940e-02 4.989363061173642810e-01
1.400000000000000029e-02 4.988547099060121059e-01
1.499999999999999944e-02 4.987731530660148849e-01
1.600000000000000033e-02 4.986916355815892987e-01
1.700000000000000122e-02 4.986101574369543044e-01
1.799999999999999864e-02 4.985287186163304129e-01
1.899999999999999953e-02 4.984473191039401896e-01
2.000000000000000042e-02 4.983659588840079757e-01
2.100000000000000130e-02 4.982846379407602777e-01
2.199999999999999872e-02 4.982033562584249897e-01
2.299999999999999961e-02 4.981221138212323929e-01
2.400000000000000050e-02 4.980409106134141006e-01
2.500000000000000139e-02 4.979597466192040023e-01
2.599999999999999881e-02 4.978786218228375970e-01
2.699999999999999969e-02 4.977975362085523825e-01
2.800000000000000058e-02 4.977164897605874105e-01
2.900000000000000147e-02 4.976354824631838980e-01
2.999999999999999889e-02 4.975545143005847826e-01
3.099999999999999978e-02 4.974735852570346117e-01
3.200000000000000067e-02 4.973926953167799869e-01
3.300000000000000155e-02 4.973118444640691749e-01
3.400000000000000244e-02 4.972310326831524963e-01
3.500000000000000333e-02 4.971502599582816040e-01
3.599999999999999728e-02 4.970695262737103159e-01
3.699999999999999817e-02 4.969888316136942819e-01
3.799999999999999906e-02 4.969081759624905947e-01
3.899999999999999994e-02 4.968275593043582905e-01
4.000000000000000083e-02 4.967469816235584035e-01
4.100000000000000172e-02 4.966664429043531892e-01
4.200000000000000261e-02 4.965859431310074013e-01
4.299999999999999656e-02 4.965054822877867924e-01
4.399999999999999745e-02 4.964250603589593913e-01
4.499999999999999833e-02 4.963446773287947811e-01
4.599999999999999922e-02 4.962643331815643211e-01
4.700000000000000011e-02 4.961840279015410915e-01
4.800000000000000100e-02 4.961037614729998935e-01
4.900000000000000189e-02 4.960235338802170824e-01
5.000000000000000278e-02 4.959433451074712895e-01
5.099999999999999672e-02 4.958631951390422010e-01
5.199999999999999761e-02 4.957830839592116123e-01
5.299999999999999850e-02 4.957030115522628733e-01
5.399999999999999939e-02 4.956229779024812765e-01
5.500000000000000028e-02 4.955429829941533915e-01
5.600000000000000117e-02 4.954630268115678970e-01
5.700000000000000205e-02 4.953831093390149154e-01
5.800000000000000294e-02 4.953032305607862895e-01
5.899999999999999689e-02 4.952233904611756943e-01
5.999999999999999778e-02 4.951435890244783034e-01
6.099999999999999867e-02 4.950638262349910113e-01
6.199999999999999956e-02 4.949841020770124889e-01
6.300000000000000044e-02 4.949044165348430724e-01
6.400000000000000133e-02 4.948247695927844858e-01
6.500000000000000222e-02 4.947451612351403960e-01
6.600000000000000311e-02 4.946655914462160797e-01
6.700000000000000400e-02 4.945860602103184789e-01
6.800000000000000488e-02 4.945065675117559789e-01
6.900000000000000577e-02 4.944271133348389080e-01
7.000000000000000666e-02 4.943476976638789822e-01
7.099999999999999367e-02 4.942683204831896937e-01
7.199999999999999456e-02 4.941889817770862003e-01
7.299999999999999545e-02 4.941096815298852141e-01
7.399999999999999634e-02 4.940304197259048902e-01
7.499999999999999722e-02 4.939511963494654934e-01
7.599999999999999811e-02 4.938720113848883986e-01
7.699999999999999900e-02 4.937928648164969792e-01
7.799999999999999989e-02 4.937137566286158852e-01
7.900000000000000078e-02 4.936346868055717096e-01
8.000000000000000167e-02 4.935556553316923778e-01
8.100000000000000255e-02 4.934766621913075912e-01
8.200000000000000344e-02 4.933977073687483839e-01
8.300000000000000433e-02 4.933187908483477879e-01
8.400000000000000522e-02 4.932399126144402790e-01
8.500000000000000611e-02 4.931610726513616094e-01
8.599999999999999312e-02 4.930822709434494744e-01
8.699999999999999400e-02 4.930035074750431789e-01
8.799999999999999489e-02 4.929247822304834159e-01
8.899999999999999578e-02 4.928460951941124879e-01
8.999999999999999667e-02 4.927674463502741964e-01
9.099999999999999756e-02 4.926888356833142857e-01
9.199999999999999845e-02 4.926102631775796103e-01
9.299999999999999933e-02 4.925317288174188013e-01
9.400000000000000022e-02 4.924532325871820992e-01
9.500000000000000111e-02 4.923747744712211882e-01
9.600000000000000200e-02 4.922963544538893066e-01
9.700000000000000289e-02 4.922179725195415245e-01
9.800000000000000377e-02 4.921396286525340225e-01
9.900000000000000466e-02 4.920613228372247017e-01
1.000000000000000056e-01 4.919830550579734063e-01
1.010000000000000064e-01 4.919048252991407022e-01
1.019999999999999934e-01 4.918266335450895976e-01
1.029999999999999943e-01 4.917484797801839891e-01
1.039999999999999952e-01 4.916703639887894939e-01
1.049999999999999961e-01 4.915922861552735057e-01
1.059999999999999970e-01 4.915142462640044729e-01
1.069999999999999979e-01 4.914362442993528979e-01
1.079999999999999988e-01 4.913582802456903931e-01
1.089999999999999997e-01 4.912803540873904029e-01
1.100000000000000006e-01 4.912024658088277040e-01
1.110000000000000014e-01 4.911246153943786830e-01
1.120000000000000023e-01 4.910468028284210029e-01
1.130000000000000032e-01 4.909690280953343811e-01
1.140000000000000041e-01 4.908912911794994782e-01
1.150000000000000050e-01 4.908135920652987871e-01
1.160000000000000059e-01 4.907359307371161883e-01
1.170000000000000068e-01 4.906583071793371165e-01
1.179999999999999938e-01 4.905807213763487273e-01
1.189999999999999947e-01 4.905031733125391202e-01
1.199999999999999956e-01 4.904256629722983929e-01
1.209999999999999964e-01 4.903481903400180864e-01
1.219999999999999973e-01 4.902707554000909074e-01
1.229999999999999982e-01 4.901933581369116166e-01
1.239999999999999991e-01 4.901159985348759185e-01
1.250000000000000000e-01 4.900386765783814047e-01
1.260000000000000009e-01 4.899613922518267772e-01
1.270000000000000018e-01 4.898841455396127920e-01
1.280000000000000027e-01 4.898069364261409819e-01
1.290000000000000036e-01 4.897297648958149896e-01
1.300000000000000044e-01 4.896526309330396787e-01
1.310000000000000053e-01 4.895755345222214117e-01
1.320000000000000062e-01 4.894984756477678833e-01
1.330000000000000071e-01 4.894214542940886203e-01
1.340000000000000080e-01 4.893444704455943151e-01
1.350000000000000089e-01 4.892675240866973252e-01
1.360000000000000098e-01 4.891906152018115073e-01
1.370000000000000107e-01 4.891137437753518835e-01
1.380000000000000115e-01 4.890369097917353081e-01
1.390000000000000124e-01 4.889601132353799118e-01
1.400000000000000133e-01 4.888833540907054909e-01
1.409999999999999865e-01 4.888066323421331183e-01
1.419999999999999873e-01 4.887299479740853103e-01
1.429999999999999882e-01 4.886533009709863040e-01
1.439999999999999891e-01 4.885766913172616133e-01
1.449999999999999900e-01 4.885001189973381952e-01
1.459999999999999909e-01 4.884235839956446168e-01
1.469999999999999918e-01 4.883470862966107218e-01
1.479999999999999927e-01 4.882706258846680192e-01
1.489999999999999936e-01 4.881942027442492948e-01
1.499999999999999944e-01 4.881178168597889999e-01
1.509999999999999953e-01 4.880414682157229733e-01
1.519999999999999962e-01 4.879651567964882752e-01
1.529999999999999971e-01 4.878888825865237977e-01
1.539999999999999980e-01 4.878126455702697095e-01
1.549999999999999989e-01 4.877364457321676783e-01
1.559999999999999998e-01 4.876602830566607039e-01
1.570000000000000007e-01 4.875841575281933959e-01
1.580000000000000016e-01 4.875080691312118075e-01
1.590000000000000024e-01 4.874325038841937907e-01
1.600000000000000033e-01 4.873560065133649144e-01
1.610000000000000042e-01 4.872805107988806839e-01
1.620000000000000051e-01 4.872040893694685737e-01
1.630000000000000060e-01 4.871286659601449243e-01
1.640000000000000069e-01 4.870528049176366947e-01
1.650000000000000078e-01 4.869769751384108725e-01
1.660000000000000087e-01 4.869011822976678783e-01
1.670000000000000095e-01 4.868254264488152128e-01
1.680000000000000104e-01 4.867497075771470838e-01
1.690000000000000113e-01 4.866740256671353015e-01
1.700000000000000122e-01 4.865983807032434050e-01
1.710000000000000131e-01 4.865227726699358213e-01
1.719999999999999862e-01 4.864472015516786985e-01
1.729999999999999871e-01 4.863716673329395723e-01
1.739999999999999880e-01 4.862961699981875885e-01
1.749999999999999889e-01 4.862207095318928918e-01
1.759999999999999898e-01 4.861452859185276809e-01
1.769999999999999907e-01 4.860698991425649873e-01
1.779999999999999916e-01 4.859945491884798963e-01
1.789999999999999925e-01 4.859192360407486033e-01
1.799999999999999933e-01 4.858439596838485808e-01
1.809999999999999942e-01 4.857687201022591883e-01
1.819999999999999951e-01 4.856935172804608958e-01
1.829999999999999960e-01 4.856183512029357829e-01
1.839999999999999969e-01 4.855432218541672063e-01
1.849999999999999978e-01 4.854681292186404096e-01
1.859999999999999987e-01 4.853930732808415804e-01
1.869999999999999996e-01 4.853180540252584052e-01
1.880000000000000004e-01 4.852430714363804021e-01
1.890000000000000013e-01 4.851681254986983105e-01
1.900000000000000022e-01 4.850932161967043132e-01
1.910000000000000031e-01 4.850183435148918143e-01
1.920000000000000040e-01 4.849435074377562160e-01
1.930000000000000049e-01 4.848687079497939756e-01
1.940000000000000058e-01 4.847939450355029933e-01
1.950000000000000067e-01 4.847192186793827795e-01
1.960000000000000075e-01 4.846445288659341766e-01
1.970000000000000084e-01 4.845698755796595814e-01
1.980000000000000093e-01 4.844952588050628894e-01
1.990000000000000102e-01 4.844206785266492732e-01
2.000000000000000111e-01 4.843461347289255148e-01
2.010000000000000120e-01 4.842716273963997842e-01
2.020000000000000129e-01 4.841971565135816946e-01
2.030000000000000138e-01 4.841227220649823026e-01
2.039999999999999869e-01 4.840483240351142191e-01
2.049999999999999878e-01 4.839739624084914982e-01
2.059999999999999887e-01 4.838996371696294152e-01
2.069999999999999896e-01 4.838253483030451885e-01
2.079999999999999905e-01 4.837510957932569799e-01
2.089999999999999913e-01 4.836768796247846725e-01
2.099999999999999922e-01 4.836026997821498141e-01
2.109999999999999931e-01 4.835285562498747858e-01
2.119999999999999940e-01 4.834544490124841887e-01
2.129999999999999949e-01 4.833803780545036233e-01
2.139999999999999958e-01 4.833063433604600778e-01
2.149999999999999967e-01 4.832323449148824834e-01
2.159999999999999976e-01 4.831583827023008815e-01
2.169999999999999984e-01 4.830844567072467011e-01
2.179999999999999993e-01 4.830105669142532032e-01
2.190000000000000002e-01 4.829367133078547036e-01
2.200000000000000011e-01 4.828628958725872944e-01
2.210000000000000020e-01 4.827891145929885108e-01
2.220000000000000029e-01 4.827153694535972206e-01
2.230000000000000038e-01 4.826416604389537901e-01
2.240000000000000047e-01 4.825679875336003066e-01
2.250000000000000056e-01 4.824943507220800232e-01
2.260000000000000064e-01 4.824207499889376916e-01
2.270000000000000073e-01 4.823471853187197844e-01
2.280000000000000082e-01 4.822736566959741067e-01
2.290000000000000091e-01 4.822001641052499066e-01
2.300000000000000100e-01 4.821267075310979866e-01
2.310000000000000109e-01 4.820532869580707036e-01
2.320000000000000118e-01 4.819799023707216912e-01
2.330000000000000127e-01 4.819065537536061927e-01
2.340000000000000135e-01 4.818332410912810060e-01
2.349999999999999867e-01 4.817599643683044830e-01
2.359999999999999876e-01 4.816867235692360860e-01
2.369999999999999885e-01 4.816135186786372202e-01
2.379999999999999893e-01 4.815403496810705120e-01
2.389999999999999902e-01 4.814672165611001975e-01
2.399999999999999911e-01 4.813941193032920118e-01
2.409999999999999920e-01 4.813210578922130778e-01
2.419999999999999929e-01 4.812480323124320725e-01
2.429999999999999938e-01 4.811750425485193938e-01
2.439999999999999947e-01 4.811020885850466056e-01
2.449999999999999956e-01 4.810291704065871032e-01
2.459999999999999964e-01 4.809562879977153926e-01
2.469999999999999973e-01 4.808834413430079224e-01
2.479999999999999982e-01 4.808106304270423070e-01
2.489999999999999991e-01 4.807378552343978817e-01
2.500000000000000000e-01 4.806651157496553139e-01
2.510000000000000009e-01 4.805924119573972142e-01
2.520000000000000018e-01 4.805197438422070810e-01
2.530000000000000027e-01 4.804471113886703004e-01
2.540000000000000036e-01 4.803745145813739792e-01
2.550000000000000044e-01 4.803019534049062234e-01
2.560000000000000053e-01 4.802294278438570818e-01
2.570000000000000062e-01 4.801569378828181023e-01
2.580000000000000071e-01 4.800844835063819982e-01
2.590000000000000080e-01 4.800120646991435924e-01
2.600000000000000089e-01 4.799396814456985960e-01
2.610000000000000098e-01 4.798673337306448849e-01
2.620000000000000107e-01 4.797950215385813899e-01
2.630000000000000115e-01 4.797227448541088179e-01
2.640000000000000124e-01 4.796505036618293194e-01
2.650000000000000133e-01 4.795782979463468210e-01
2.660000000000000142e-01 4.795061276922663041e-01
2.670000000000000151e-01 4.794339928841949150e-01
2.680000000000000160e-01 4.793618935067410214e-01
2.690000000000000169e-01 4.792898295445143231e-01
2.700000000000000178e-01 4.792178009821265183e-01
2.710000000000000187e-01 4.791458078041905821e-01
2.720000000000000195e-01 4.790738499953210994e-01
2.730000000000000204e-01 4.790019275401343757e-01
2.740000000000000213e-01 4.789300404232479935e-01
2.750000000000000222e-01 4.788581886292814227e-01
2.760000000000000231e-01 4.787863721428554098e-01
2.770000000000000240e-01 4.787145909485924777e-01
2.780000000000000249e-01 4.786428450311165927e-01
2.790000000000000258e-01 4.785711343750533864e-01
2.800000000000000266e-01 4.784994589650299890e-01
2.810000000000000275e-01 4.784278187856753073e-01
2.819999999999999729e-01 4.783562138216194137e-01
2.829999999999999738e-01 4.782846440574943792e-01
2.839999999999999747e-01 4.782131094779337732e-01
2.849999999999999756e-01 4.781416100675724978e-01
2.859999999999999765e-01 4.780701458110475088e-01
2.869999999999999774e-01 4.779987166929968723e-01
2.879999999999999782e-01 4.779273226980605971e-01
2.889999999999999791e-01 4.778559638108800800e-01
2.899999999999999800e-01 4.777846400160984941e-01
2.909999999999999809e-01 4.777133512983604002e-01
2.919999999999999818e-01 4.776420976423121911e-01
2.929999999999999827e-01 4.775708790326018138e-01
2.939999999999999836e-01 4.774996954538787142e-01
2.949999999999999845e-01 4.774285468907940033e-01
2.959999999999999853e-01 4.773574333280006243e-01
2.969999999999999862e-01 4.772863547501526860e-01
2.979999999999999871e-01 4.772153111419062954e-01
2.989999999999999880e-01 4.771443024879192252e-01
2.999999999999999889e-01 4.770733287728504135e-01
3.009999999999999898e-01 4.770023899813610746e-01
3.019999999999999907e-01 4.769314860981135884e-01
3.029999999999999916e-01 4.768606171077720002e-01
3.039999999999999925e-01 4.767897829950024091e-01
3.049999999999999933e-01 4.767189837444719136e-01
3.059999999999999942e-01 4.766482193408497769e-01
3.069999999999999951e-01 4.765774897688067058e-01
3.079999999999999960e-01 4.765067950130151830e-01
3.089999999999999969e-01 4.764361350581490795e-01
3.099999999999999978e-01 4.763655098888842088e-01
3.109999999999999987e-01 4.762949194898978833e-01
3.119999999999999996e-01 4.762243638458691919e-01
3.130000000000000004e-01 4.761538429414786111e-01
3.140000000000000013e-01 4.760833567614087825e-01
3.150000000000000022e-01 4.760129052903435132e-01
3.160000000000000031e-01 4.759424885129686089e-01
3.170000000000000040e-01 4.758721064139713741e-01
3.180000000000000049e-01 4.758017589780411116e-01
3.190000000000000058e-01 4.757314461898682900e-01
3.200000000000000067e-01 4.756611680341453763e-01
3.210000000000000075e-01 4.755909244955665027e-01
3.220000000000000084e-01 4.755207155588275780e-01
3.230000000000000093e-01 4.754505412086261207e-01
3.240000000000000102e-01 4.753804014296612035e-01
3.250000000000000111e-01 4.753102962066337867e-01
3.260000000000000120e-01 4.752402255242466067e-01
3.270000000000000129e-01 4.751701893672038990e-01
3.280000000000000138e-01 4.751001877202115087e-01
3.290000000000000147e-01 4.750302205679776124e-01
3.300000000000000155e-01 4.749602878952113860e-01
3.310000000000000164e-01 4.748903896866240038e-01
3.320000000000000173e-01 4.748205259269285272e-01
3.330000000000000182e-01 4.747506966008395168e-01
3.340000000000000191e-01 4.746809016930734204e-01
3.350000000000000200e-01 4.746111411883482956e-01
3.360000000000000209e-01 4.745414150713839208e-01
3.370000000000000218e-01 4.744717233269020729e-01
3.380000000000000226e-01 4.744020659396258055e-01
3.390000000000000235e-01 4.743324428942805038e-01
3.400000000000000244e-01 4.742628541755928850e-01
3.410000000000000253e-01 4.741932997682914985e-01
3.420000000000000262e-01 4.741237796571066143e-01
3.430000000000000271e-01 4.740542938267705009e-01
3.439999999999999725e-01 4.739848422620169255e-01
3.449999999999999734e-01 4.739154249475815983e-01
3.459999999999999742e-01 4.738460418682018949e-01
3.469999999999999751e-01 4.737766930086170780e-01
3.479999999999999760e-01 4.737073783535679095e-01
3.489999999999999769e-01 4.736380978877972048e-01
3.499999999999999778e-01 4.735688515960496114e-01
3.509999999999999787e-01 4.734996394630714978e-01
3.519999999999999796e-01 4.734304614736107863e-01
3.529999999999999805e-01 4.733613176124173982e-01
3.539999999999999813e-01 4.732922078642431973e-01
3.549999999999999822e-01 4.732231322138416019e-01
3.559999999999999831e-01 4.731540906459678064e-01
3.569999999999999840e-01 4.730850831453792260e-01
3.579999999999999849e-01 4.730161096968344969e-01
3.589999999999999858e-01 4.729471702850944759e-01
3.599999999999999867e-01 4.728782648949219070e-01
3.609999999999999876e-01 4.728093935110809776e-01
3.619999999999999885e-01 4.727405561183380955e-01
3.629999999999999893e-01 4.726717527014611120e-01
3.639999999999999902e-01 4.726029832452200985e-01
3.649999999999999911e-01 4.725342477343866809e-01
3.659999999999999920e-01 4.724655461537345946e-01
3.669999999999999929e-01 4.723968784880390737e-01
3.679999999999999938e-01 4.723282447220775171e-01
3.689999999999999947e-01 4.722596448406289893e-01
3.699999999999999956e-01 4.721910788284746086e-01
3.709999999999999964e-01 4.721225466703969920e-01
3.719999999999999973e-01 4.720540483511809771e-01
3.729999999999999982e-01 4.719855838556132888e-01
3.739999999999999991e-01 4.719171531684822063e-01
3.750000000000000000e-01 4.718487562745780073e-01
3.760000000000000009e-01 4.717803931586930788e-01
3.770000000000000018e-01 4.717120638056214732e-01
3.780000000000000027e-01 4.716437682001590748e-01
3.790000000000000036e-01 4.715755063271038772e-01
3.800000000000000044e-01 4.715072781712555949e-01
3.810000000000000053e-01 4.714390837174158855e-01
3.820000000000000062e-01 4.713709229503884046e-01
3.830000000000000071e-01 4.713027958549784735e-01
3.840000000000000080e-01 4.712347024159936892e-01
3.850000000000000089e-01 4.711666426182432033e-01
3.860000000000000098e-01 4.710986164465382764e-01
3.870000000000000107e-01 4.710306238856921124e-01
3.880000000000000115e-01 4.709626649205196913e-01
3.890000000000000124e-01 4.708947395358382138e-01
3.900000000000000133e-01 4.708268477164663790e-01
3.910000000000000142e-01 4.707589894472252734e-01
3.920000000000000151e-01 4.706911647129374821e-01
3.930000000000000160e-01 4.706233734984279771e-01
3.940000000000000169e-01 4.705556157885235069e-01
3.950000000000000178e-01 4.704878915680527074e-01
3.960000000000000187e-01 4.704202008218459907e-01
3.970000000000000195e-01 4.703525435347362116e-01
3.980000000000000204e-01 4.702849196915578900e-01
3.990000000000000213e-01 4.702173292771474888e-01
4.000000000000000222e-01 4.701497722763436915e-01
4.010000000000000231e-01 4.700822486739866801e-01
4.020000000000000240e-01 4.700147584549190793e-01
4.030000000000000249e-01 4.699473016039855122e-01
4.040000000000000258e-01 4.698798781060321006e-01
4.050000000000000266e-01 4.698124879459076864e-01
4.060000000000000275e-01 4.697451311084623882e-01
4.069999999999999729e-01 4.696778075785487117e-01
4.079999999999999738e-01 4.696105173410213274e-01
4.089999999999999747e-01 4.695432603807364047e-01
4.099999999999999756e-01 4.694760366825526110e-01
4.109999999999999765e-01 4.694088462313305010e-01
4.119999999999999774e-01 4.693416890119322948e-01
4.129999999999999782e-01 4.692745650092229881e-01
4.139999999999999791e-01 4.692074742080687977e-01
4.149999999999999800e-01 4.691404165933386050e-01
4.159999999999999809e-01 4.690733921499029013e-01
4.169999999999999818e-01 4.690064008626345093e-01
4.179999999999999827e-01 4.689394427164081947e-01
4.189999999999999836e-01 4.688725176961006103e-01
4.199999999999999845e-01 4.688056257865909071e-01
4.209999999999999853e-01 4.687387669727597905e-01
4.219999999999999862e-01 4.686719412394902973e-01
4.229999999999999871e-01 4.686051485716676845e-01
4.239999999999999880e-01 4.685383889541788749e-01
4.249999999999999889e-01 4.684716623719132889e-01
4.259999999999999898e-01 4.684049688097621233e-01
4.269999999999999907e-01 4.683383082526187957e-01
4.279999999999999916e-01 4.682716806853787772e-01
4.289999999999999925e-01 4.682050860929397040e-01
4.299999999999999933e-01 4.681385244602012108e-01
4.309999999999999942e-01 4.680719957720652080e-01
4.319999999999999951e-01 4.680055000134354937e-01
4.329999999999999960e-01 4.679390371692180861e-01
4.339999999999999969e-01 4.678726072243212797e-01
4.349999999999999978e-01 4.678062101636552006e-01
4.359999999999999987e-01 4.677398459721321955e-01
4.369999999999999996e-01 4.676735146346668870e-01
4.380000000000000004e-01 4.676072161361760071e-01
4.390000000000000013e-01 4.675409504615781198e-01
4.400000000000000022e-01 4.674747175957942869e-01
4.410000000000000031e-01 4.674085175237476797e-01
4.420000000000000040e-01 4.673423502303634125e-01
4.430000000000000049e-01 4.672762157005689865e-01
4.440000000000000058e-01 4.672101139192939012e-01
4.450000000000000067e-01 4.671440448714699878e-01
4.460000000000000075e-01 4.670780085420309091e-01
4.470000000000000084e-01 4.670120049159131037e-01
4.480000000000000093e-01 4.669460339780545088e-01
4.490000000000000102e-01 4.668800957133957819e-01
4.500000000000000111e-01 4.668141901068794120e-01
4.510000000000000120e-01 4.667483171434503864e-01
4.520000000000000129e-01 4.666824768080555796e-01
4.530000000000000138e-01 4.666166690856443089e-01
4.540000000000000147e-01 4.665508939611678896e-01
4.550000000000000155e-01 4.664851514195801907e-01
4.560000000000000164e-01 4.664194414458369131e-01
4.570000000000000173e-01 4.663537640248960892e-01
4.580000000000000182e-01 4.662881191417181936e-01
4.590000000000000191e-01 4.662225067812656998e-01
4.600000000000000200e-01 4.661569269285034123e-01
4.610000000000000209e-01 4.660913795683981897e-01
4.620000000000000218e-01 4.660258646859194998e-01
4.630000000000000226e-01 4.659603822660386974e-01
4.640000000000000235e-01 4.658949322937296911e-01
4.650000000000000244e-01 4.658295147539682768e-01
4.660000000000000253e-01 4.657641296317329149e-01
4.670000000000000262e-01 4.656987769120040088e-01
4.680000000000000271e-01 4.656334565797645153e-01
4.689999999999999725e-01 4.655681686199995006e-01
4.699999999999999734e-01 4.655029130176961960e-01
4.709999999999999742e-01 4.654376897578443861e-01
4.719999999999999751e-01 4.653724988254360762e-01
4.729999999999999760e-01 4.653073402054653807e-01
4.739999999999999769e-01 4.652422138829288012e-01
4.749999999999999778e-01 4.651771198428252818e-01
4.759999999999999787e-01 4.651120580701559870e-01
4.769999999999999796e-01 4.650470285499241907e-01
4.779999999999999805e-01 4.649820312671358868e-01
4.789999999999999813e-01 4.649170662067991233e-01
4.799999999999999822e-01 4.648521333539242795e-01
4.809999999999999831e-01 4.647872326935241216e-01
4.819999999999999840e-01 4.647223642106136920e-01
4.829999999999999849e-01 4.646575278902105866e-01
4.839999999999999858e-01 4.645927237173343993e-01
4.849999999999999867e-01 4.645279516770073891e-01
4.859999999999999876e-01 4.644632117542539795e-01
4.869999999999999885e-01 4.643985039341009813e-01
4.879999999999999893e-01 4.643338282015777030e-01
4.889999999999999902e-01 4.642691845417156737e-01
4.899999999999999911e-01 4.642045729395488096e-01
4.909999999999999920e-01 4.641399933801134137e-01
4.919999999999999929e-01 4.640754458484483980e-01
4.929999999999999938e-01 4.640109303295945065e-01
4.939999999999999947e-01 4.639464468085955917e-01
4.949999999999999956e-01 4.638819952704972827e-01
4.959999999999999964e-01 4.638175757003479838e-01
4.969999999999999973e-01 4.637531880831983755e-01
4.979999999999999982e-01 4.636888324041015808e-01
4.989999999999999991e-01 4.636245086481129984e-01
5.000000000000000000e-01 4.635602168002908030e-01
5.010000000000000009e-01 4.634959568456951118e-01
5.020000000000000018e-01 4.634317287693889842e-01
5.030000000000000027e-01 4.633675325564374226e-01
5.040000000000000036e-01 4.633033681919082047e-01
5.050000000000000044e-01 4.632392356608713846e-01
5.060000000000000053e-01 4.631751349483996805e-01
5.070000000000000062e-01 4.631110660395679757e-01
5.080000000000000071e-01 4.630470289194538180e-01
5.090000000000000080e-01 4.629830235731370869e-01
5.100000000000000089e-01 4.629190499857002150e-01
5.110000000000000098e-01 4.628551081422281888e-01
5.120000000000000107e-01 4.627911980278082149e-01
5.130000000000000115e-01 4.627273196275302758e-01
5.140000000000000124e-01 4.626634729264865742e-01
5.150000000000000133e-01 4.625996579097720884e-01
5.160000000000000142e-01 4.625358745624840173e-01
5.170000000000000151e-01 4.624721228697222797e-01
5.180000000000000160e-01 4.624084028165890148e-01
5.190000000000000169e-01 4.623447143881894150e-01
5.200000000000000178e-01 4.622810575696306157e-01
5.210000000000000187e-01 4.622174323460224166e-01
5.220000000000000195e-01 4.621538387024773931e-01
5.230000000000000204e-01 4.620902766241105075e-01
5.240000000000000213e-01 4.620267460960391093e-01
5.250000000000000222e-01 4.619632471033833232e-01
5.260000000000000231e-01 4.618997796312654947e-01
5.270000000000000240e-01 4.618363436648110776e-01
5.280000000000000249e-01 4.617729391891475244e-01
5.290000000000000258e-01 4.617095661894051184e-01
5.300000000000000266e-01 4.616462246507165856e-01
5.310000000000000275e-01 4.615829145582174275e-01
5.320000000000000284e-01 4.615196358970454771e-01
5.330000000000000293e-01 4.614563886523412872e-01
5.340000000000000302e-01 4.613931728092479090e-01
5.350000000000000311e-01 4.613299883529111134e-01
5.360000000000000320e-01 4.612668352684791140e-01
5.370000000000000329e-01 4.612037135411030109e-01
5.380000000000000338e-01 4.611406231559359026e-01
5.390000000000000346e-01 4.610775640981342183e-01
5.400000000000000355e-01 4.610145363528564966e-01
5.410000000000000364e-01 4.609515399052642182e-01
5.420000000000000373e-01 4.608885747405211952e-01
5.430000000000000382e-01 4.608256408437941265e-01
5.440000000000000391e-01 4.607627382002520977e-01
5.450000000000000400e-01 4.606998667950670812e-01
5.460000000000000409e-01 4.606370266134134916e-01
5.470000000000000417e-01 4.605742176404685750e-01
5.480000000000000426e-01 4.605114398614120752e-01
5.490000000000000435e-01 4.604486932614262895e-01
5.500000000000000444e-01 4.603859778256966795e-01
5.510000000000000453e-01 4.603232935394107050e-01
5.520000000000000462e-01 4.602606403877591013e-01
5.530000000000000471e-01 4.601980183559348236e-01
5.540000000000000480e-01 4.601354274291336033e-01
5.550000000000000488e-01 4.600728675925542799e-01
5.560000000000000497e-01 4.600103388313978026e-01
5.570000000000000506e-01 4.599478411308680070e-01
5.580000000000000515e-01 4.598853744761717266e-01
5.590000000000000524e-01 4.598229388525180150e-01
5.600000000000000533e-01 4.597605342451190902e-01
5.610000000000000542e-01 4.596981606391896125e-01
5.620000000000000551e-01 4.596358180199470733e-01
5.629999999999999449e-01 4.595735063726115732e-01
5.639999999999999458e-01 4.595112256824059882e-01
5.649999999999999467e-01 4.594489759345561919e-01
5.659999999999999476e-01 4.593867571142902784e-01
5.669999999999999485e-01 4.593245692068396724e-01
5.679999999999999494e-01 4.592624121974380746e-01
5.689999999999999503e-01 4.592002860713220724e-01
5.699999999999999512e-01 4.591381908137313062e-01
5.709999999999999520e-01 4.590761264099078032e-01
5.719999999999999529e-01 4.590140928450964775e-01
5.729999999999999538e-01 4.589520901045450740e-01
5.739999999999999547e-01 4.588901181735042800e-01
5.749999999999999556e-01 4.588281770372271140e-01
5.759999999999999565e-01 4.587662666809697032e-01
5.769999999999999574e-01 4.587043870899908948e-01
5.779999999999999583e-01 4.586425382495525893e-01
5.789999999999999591e-01 4.585807201449190740e-01
5.799999999999999600e-01 4.585189327613575783e-01
5.809999999999999609e-01 4.584571760841383847e-01
5.819999999999999618e-01 4.583954500985342739e-01
5.829999999999999627e-01 4.583337547898211906e-01
5.839999999999999636e-01 4.582720901432774108e-01
5.849999999999999645e-01 4.582104561441845969e-01
5.859999999999999654e-01 4.581488527778269093e-01
5.869999999999999662e-01 4.580872800294913949e-01
5.879999999999999671e-01 4.580257378844680982e-01
5.889999999999999680e-01 4.579642263280497838e-01
5.899999999999999689e-01 4.579027453455321028e-01
5.909999999999999698e-01 4.578412949222137041e-01
5.919999999999999707e-01 4.577798750433957897e-01
5.929999999999999716e-01 4.577184856943827818e-01
5.939999999999999725e-01 4.576571268604817111e-01
5.949999999999999734e-01 4.575957985270027728e-01
5.959999999999999742e-01 4.575345006792587155e-01
5.969999999999999751e-01 4.574732333025655073e-01
5.979999999999999760e-01 4.574119963822417811e-01
5.989999999999999769e-01 4.573507899036092783e-01
5.999999999999999778e-01 4.572896138519924047e-01
6.009999999999999787e-01 4.572284682127186750e-01
6.019999999999999796e-01 4.571673529711183792e-01
6.029999999999999805e-01 4.571062681125249161e-01
6.039999999999999813e-01 4.570452136222744044e-01
6.049999999999999822e-01 4.569841894857061826e-01
6.059999999999999831e-01 4.569231956881620871e-01
6.069999999999999840e-01 4.568622322149873960e-01
6.079999999999999849e-01 4.568012990515298855e-01
6.089999999999999858e-01 4.567403961831407178e-01
6.099999999999999867e-01 4.566795235951736087e-01
6.109999999999999876e-01 4.566186812729854938e-01
6.119999999999999885e-01 4.565578692019361950e-01
6.129999999999999893e-01 4.564970873673885876e-01
6.139999999999999902e-01 4.564363357547083777e-01
6.149999999999999911e-01 4.563756143492643247e-01
6.159999999999999920e-01 4.563149231364281855e-01
6.169999999999999929e-01 4.562542621015747146e-01
6.179999999999999938e-01 4.561936312300817753e-01
6.189999999999999947e-01 4.561330305073300062e-01
6.199999999999999956e-01 4.560724599187030992e-01
6.209999999999999964e-01 4.560119194495880768e-01
6.219999999999999973e-01 4.559518287030472905e-01
6.229999999999999982e-01 4.558909308266613780e-01
6.239999999999999991e-01 4.558308963770837940e-01
6.250000000000000000e-01 4.557704801448506093e-01
6.260000000000000009e-01 4.557100891547017918e-01
6.270000000000000018e-01 4.556497281419890077e-01
6.280000000000000027e-01 4.555893971474370141e-01
6.290000000000000036e-01 4.555290961570990782e-01
6.300000000000000044e-01 4.554688251563954182e-01
6.310000000000000053e-01 4.554085841307423110e-01
6.320000000000000062e-01 4.553483730655590866e-01
6.330000000000000071e-01 4.552881919462676841e-01
6.340000000000000080e-01 4.552280407582937061e-01
6.350000000000000089e-01 4.551679194870654199e-01
6.360000000000000098e-01 4.551078281180143126e-01
6.370000000000000107e-01 4.550477666365750906e-01
6.380000000000000115e-01 4.549877350281852917e-01
6.390000000000000124e-01 4.549277332782857841e-01
6.400000000000000133e-01 4.548677613723203228e-01
6.410000000000000142e-01 4.548078192957359933e-01
6.420000000000000151e-01 4.547479070339828788e-01
6.430000000000000160e-01 4.546880245725142822e-01
6.440000000000000169e-01 4.546281718967865038e-01
6.450000000000000178e-01 4.545683489922590081e-01
6.460000000000000187e-01 4.545085558443943130e-01
6.470000000000000195e-01 4.544487924386583777e-01
6.480000000000000204e-01 4.543890587605199927e-01
6.490000000000000213e-01 4.543293547954512235e-01
6.500000000000000222e-01 4.542696805289271889e-01
6.510000000000000231e-01 4.542100359464263937e-01
6.520000000000000240e-01 4.541504210334302849e-01
6.530000000000000249e-01 4.540908357754235847e-01
6.540000000000000258e-01 4.540312801578941793e-01
6.550000000000000266e-01 4.539717541663330080e-01
6.560000000000000275e-01 4.539122577862343966e-01
6.570000000000000284e-01 4.538527910030958901e-01
6.580000000000000293e-01 4.537933538024178093e-01
6.590000000000000302e-01 4.537339461697041942e-01
6.600000000000000311e-01 4.536745680904620270e-01
6.610000000000000320e-01 4.536152195502013984e-01
6.620000000000000329e-01 4.535559005344358963e-01
6.630000000000000338e-01 4.534966110286821062e-01
6.640000000000000346e-01 4.534373510184598888e-01
6.650000000000000355e-01 4.533781204892923800e-01
6.660000000000000364e-01 4.533189194267059907e-01
6.670000000000000373e-01 4.532597478162301852e-01
6.680000000000000382e-01 4.532006056433978136e-01
6.690000000000000391e-01 4.531414928937450015e-01
6.700000000000000400e-01 4.530824095528109274e-01
6.710000000000000409e-01 4.530233556061382116e-01
6.720000000000000417e-01 4.529643310392726940e-01
6.730000000000000426e-01 4.529053358377636007e-01
6.740000000000000435e-01 4.528463699871632109e-01
6.750000000000000444e-01 4.527874334730270234e-01
6.760000000000000453e-01 4.527285262809142008e-01
6.770000000000000462e-01 4.526696483963867923e-01
6.780000000000000471e-01 4.526107998050103998e-01
6.790000000000000480e-01 4.525519804923536782e-01
6.800000000000000488e-01 4.524931904439890018e-01
6.810000000000000497e-01 4.524344296454915204e-01
6.820000000000000506e-01 4.523756980824399920e-01
6.830000000000000515e-01 4.523169957404166164e-01
6.840000000000000524e-01 4.522583226050065908e-01
6.850000000000000533e-01 4.521996786617986097e-01
6.860000000000000542e-01 4.521410638963845874e-01
6.870000000000000551e-01 4.520824782943601017e-01
6.879999999999999449e-01 4.520239218413235061e-01
6.889999999999999458e-01 4.519653945228770953e-01
6.899999999999999467e-01 4.519068963246262172e-01
6.909999999999999476e-01 4.518484272321793838e-01
6.919999999999999485e-01 4.517899872311488263e-01
6.929999999999999494e-01 4.517315763071499957e-01
6.939999999999999503e-01 4.516731944458016179e-01
6.949999999999999512e-01 4.516148416327259163e-01
6.959999999999999520e-01 4.515565178535485003e-01
6.969999999999999529e-01 4.514982230938981989e-01
6.979999999999999538e-01 4.514399573394073939e-01
6.989999999999999547e-01 4.513817205757119089e-01
6.999999999999999556e-01 4.513235127884506759e-01
7.009999999999999565e-01 4.512653339632662908e-01
7.019999999999999574e-01 4.512071840858047911e-01
7.029999999999999583e-01 4.511490631417152120e-01
7.039999999999999591e-01 4.510909711166505853e-01
7.049999999999999600e-01 4.510329079962669963e-01
7.059999999999999609e-01 4.509748737662240270e-01
7.069999999999999618e-01 4.509168684121845905e-01
7.079999999999999627e-01 4.508588919198152078e-01
7.089999999999999636e-01 4.508009442747860085e-01
7.099999999999999645e-01 4.507430254627700084e-01
7.109999999999999654e-01 4.506851354694441092e-01
7.119999999999999662e-01 4.506272742804885989e-01
7.129999999999999671e-01 4.505694418815870961e-01
7.139999999999999680e-01 4.505116382584268275e-01
7.149999999999999689e-01 4.504538633966982952e-01
7.159999999999999698e-01 4.503961172820957204e-01
7.169999999999999707e-01 4.503383999003167104e-01
7.179999999999999716e-01 4.502807112370622034e-01
7.189999999999999725e-01 4.502230512780368010e-01
7.199999999999999734e-01 4.501654200089486024e-01
7.209999999999999742e-01 4.501078174155090927e-01
7.219999999999999751e-01 4.500502434834331988e-01
7.229999999999999760e-01 4.499926981984396779e-01
7.239999999999999769e-01 4.499351815462503956e-01
7.249999999999999778e-01 4.498776935125908816e-01
7.259999999999999787e-01 4.498202340831903845e-01
7.269999999999999796e-01 4.497628032437813728e-01
7.279999999999999805e-01 4.497054009801000896e-01
7.289999999999999813e-01 4.496480272778861087e-01
7.299999999999999822e-01 4.495906821228826122e-01
7.309999999999999831e-01 4.495333655008363904e-01
7.319999999999999840e-01 4.494760773974977863e-01
7.329999999999999849e-01 4.494188177986204735e-01
7.339999999999999858e-01 4.493615866899621780e-01
7.349999999999999867e-01 4.493043840572835124e-01
7.359999999999999876e-01 4.492472098863490859e-01
7.369999999999999885e-01 4.491900641629272273e-01
7.379999999999999893e-01 4.491329468727893182e-01
7.389999999999999902e-01 4.490758580017106816e-01
7.399999999999999911e-01 4.490187975354703043e-01
7.409999999999999920e-01 4.489617654598503926e-01
7.419999999999999929e-01 4.489047617606372054e-01
7.429999999999999938e-01 4.488477864236201098e-01
7.439999999999999947e-01 4.487908394345924146e-01
7.449999999999999956e-01 4.487339207793509810e-01
7.459999999999999964e-01 4.486770304436963896e-01
7.469999999999999973e-01 4.486201684134323853e-01
7.479999999999999982e-01 4.485633346743668204e-01
7.489999999999999991e-01 4.485065292123108782e-01
7.500000000000000000e-01 4.484497520130796833e-01
7.510000000000000009e-01 4.483930030624916907e-01
7.520000000000000018e-01 4.483362823463690749e-01
7.530000000000000027e-01 4.482795898505376742e-01
7.540000000000000036e-01 4.482229255608269902e-01
7.550000000000000044e-01 4.481662894630702998e-01
7.560000000000000053e-01 4.481096815431043212e-01
7.570000000000000062e-01 4.480531017867694921e-01
7.580000000000000071e-01 4.479965501799099137e-01
7.590000000000000080e-01 4.479400267083734066e-01
7.600000000000000089e-01 4.478835313580115107e-01
7.610000000000000098e-01 4.478270641146793740e-01
7.620000000000000107e-01 4.477706249642359193e-01
7.630000000000000115e-01 4.477142138925435111e-01
7.640000000000000124e-01 4.476578308854683996e-01
7.650000000000000133e-01 4.476014759288807210e-01
7.660000000000000142e-01 4.475451490086538864e-01
7.670000000000000151e-01 4.474888501106653038e-01
7.680000000000000160e-01 4.474325792207959895e-01
7.690000000000000169e-01 4.473763363249306790e-01
7.700000000000000178e-01 4.473201214089581046e-01
7.710000000000000187e-01 4.472639344587702181e-01
7.720000000000000195e-01 4.472077754602630240e-01
7.730000000000000204e-01 4.471516443993361900e-01
7.740000000000000213e-01 4.470955412618931035e-01
7.750000000000000222e-01 4.470394660338409820e-01
7.760000000000000231e-01 4.469834187010908177e-01
7.770000000000000240e-01 4.469273992495569892e-01
7.780000000000000249e-01 4.468714076651582046e-01
7.790000000000000258e-01 4.468154439338163919e-01
7.800000000000000266e-01 4.467595080414576980e-01
7.810000000000000275e-01 4.467035999740117114e-01
7.820000000000000284e-01 4.466477197174120173e-01
7.830000000000000293e-01 4.465918672575956982e-01
7.840000000000000302e-01 4.465360425805038891e-01
7.850000000000000311e-01 4.464802456720814994e-01
7.860000000000000320e-01 4.464244765182771024e-01
7.870000000000000329e-01 4.463687351050431018e-01
7.880000000000000338e-01 4.463130214183356759e-01
7.890000000000000346e-01 4.462573354441149998e-01
7.900000000000000355e-01 4.462016771683446903e-01
7.910000000000000364e-01 4.461460465769924166e-01
7.920000000000000373e-01 4.460904436560299002e-01
7.930000000000000382e-01 4.460348683914321932e-01
7.940000000000000391e-01 4.459793207691785111e-01
7.950000000000000400e-01 4.459238007752517885e-01
7.960000000000000409e-01 4.458683083956387905e-01
7.970000000000000417e-01 4.458128436163300012e-01
7.980000000000000426e-01 4.457574064233201239e-01
7.990000000000000435e-01 4.457019968026074141e-01
8.000000000000000444e-01 4.456466147401940137e-01
8.010000000000000453e-01 4.455912602220858942e-01
8.020000000000000462e-01 4.455359332342929135e-01
8.030000000000000471e-01 4.454806337628289814e-01
8.040000000000000480e-01 4.454253617937116161e-01
8.050000000000000488e-01 4.453701173129623880e-01
8.060000000000000497e-01 4.453149003066065870e-01
8.070000000000000506e-01 4.452597107606734994e-01
8.080000000000000515e-01 4.452045486611962977e-01
8.090000000000000524e-01 4.451494139942119843e-01
8.100000000000000533e-01 4.450943067457616142e-01
8.110000000000000542e-01 4.450392269018897951e-01
8.120000000000000551e-01 4.449841744486455752e-01
8.129999999999999449e-01 4.449291493720812785e-01
8.139999999999999458e-01 4.448741516582537248e-01
8.149999999999999467e-01 4.448191812932231204e-01
8.159999999999999476e-01 4.447642382630542235e-01
8.169999999999999485e-01 4.447093225538150119e-01
8.179999999999999494e-01 4.446544341515780152e-01
8.189999999999999503e-01 4.445995730424193160e-01
8.199999999999999512e-01 4.445447392124189934e-01
8.209999999999999520e-01 4.444899326476611234e-01
8.219999999999999529e-01 4.444351533342338900e-01
8.229999999999999538e-01 4.443804012582290852e-01
8.239999999999999547e-01 4.443256764057427199e-01
8.249999999999999556e-01 4.442709787628745799e-01
8.259999999999999565e-01 4.442163083157287251e-01
8.269999999999999574e-01 4.441616650504127128e-01
8.279999999999999583e-01 4.441070489530385967e-01
8.289999999999999591e-01 4.440524600097219277e-01
8.299999999999999600e-01 4.439978982065825863e-01
8.309999999999999609e-01 4.439433635297441727e-01
8.319999999999999618e-01 4.438888559653345056e-01
8.329999999999999627e-01 4.438343754994852897e-01
8.339999999999999636e-01 4.437799221183322818e-01
8.349999999999999645e-01 4.437254958080151246e-01
8.359999999999999654e-01 4.436710965546775132e-01
8.369999999999999662e-01 4.436167243444671948e-01
8.379999999999999671e-01 4.435623791635360247e-01
8.389999999999999680e-01 4.435080609980395216e-01
8.399999999999999689e-01 4.434537698341377010e-01
8.409999999999999698e-01 4.433995056579942973e-01
8.419999999999999707e-01 4.433452684557769863e-01
8.429999999999999716e-01 4.432910582136578848e-01
8.439999999999999725e-01 4.432368749178127731e-01
8.449999999999999734e-01 4.431827185544214842e-01
8.459999999999999742e-01 4.431285891096682916e-01
8.469999999999999751e-01 4.430744865697411883e-01
8.479999999999999760e-01 4.430204109208319974e-01
8.489999999999999769e-01 4.429663621491370940e-01
8.499999999999999778e-01 4.429123402408567944e-01
8.509999999999999787e-01 4.428583451821951900e-01
8.519999999999999796e-01 4.428043769593608125e-01
8.529999999999999805e-01 4.427504355585659135e-01
8.539999999999999813e-01 4.426965209660270739e-01
8.549999999999999822e-01 4.426426331679649828e-01
8.559999999999999831e-01 4.425887721506042149e-01
8.569999999999999840e-01 4.425349379001736749e-01
8.579999999999999849e-01 4.424811304029060977e-01
8.589999999999999858e-01 4.424273496450384924e-01
8.599999999999999867e-01 4.423735956128119762e-01
8.609999999999999876e-01 4.423198682924716074e-01
8.619999999999999885e-01 4.422661676702667743e-01
8.629999999999999893e-01 4.422124937324508065e-01
8.639999999999999902e-01 4.421588464652814188e-01
8.649999999999999911e-01 4.421052258550199898e-01
8.659999999999999920e-01 4.420516318879325057e-01
8.669999999999999929e-01 4.419980645502887273e-01
8.679999999999999938e-01 4.419445238283626898e-01
8.689999999999999947e-01 4.418910097084327027e-01
8.699999999999999956e-01 4.418375221767810168e-01
8.709999999999999964e-01 4.417840612196939909e-01
8.719999999999999973e-01 4.417306268234624245e-01
8.729999999999999982e-01 4.416772189743808918e-01
8.739999999999999991e-01 4.416238376587484082e-01
8.750000000000000000e-01 4.415704828628680967e-01
8.760000000000000009e-01 4.415171545730471880e-01
8.770000000000000018e-01 4.414638527755970765e-01
8.780000000000000027e-01 4.414105774568333751e-01
8.790000000000000036e-01 4.413573286030759157e-01
8.800000000000000044e-01 4.413041062006485826e-01
8.810000000000000053e-01 4.412509102358794788e-01
8.820000000000000062e-01 4.411977406951009262e-01
8.830000000000000071e-01 4.411445975646495765e-01
8.840000000000000080e-01 4.410914808308660784e-01
8.850000000000000089e-01 4.410383904800952992e-01
8.860000000000000098e-01 4.409853264986864918e-01
8.870000000000000107e-01 4.409322888729927947e-01
8.880000000000000115e-01 4.408792775893720095e-01
8.890000000000000124e-01 4.408262926341856014e-01
8.900000000000000133e-01 4.407733339937998096e-01
8.910000000000000142e-01 4.407204016545845926e-01
8.920000000000000151e-01 4.406674956029145163e-01
8.930000000000000160e-01 4.406146158251683098e-01
8.940000000000000169e-01 4.405617623077286993e-01
8.950000000000000178e-01 4.405089350369830181e-01
8.960000000000000187e-01 4.404561339993224856e-01
8.970000000000000195e-01 4.404033591811427062e-01
8.980000000000000204e-01 4.403506105688437255e-01
8.990000000000000213e-01 4.402978881488294749e-01
9.000000000000000222e-01 4.402451919075083819e-01
9.010000000000000231e-01 4.401925218312932042e-01
9.020000000000000240e-01 4.401398779066006961e-01
9.030000000000000249e-01 4.400872601198521084e-01
9.040000000000000258e-01 4.400346684574729106e-01
9.050000000000000266e-01 4.399821029058927913e-01
9.060000000000000275e-01 4.399295634515457132e-01
9.070000000000000284e-01 4.398770500808700801e-01
9.080000000000000293e-01 4.398245627803084035e-01
9.090000000000000302e-01 4.397721015363075248e-01
9.100000000000000311e-01 4.397196663353185042e-01
9.110000000000000320e-01 4.396672571637971205e-01
9.120000000000000329e-01 4.396148740082027051e-01
9.130000000000000338e-01 4.395625168549995854e-01
9.140000000000000346e-01 4.395101856906560855e-01
9.150000000000000355e-01 4.394578805016449152e-01
9.160000000000000364e-01 4.394056012744430029e-01
9.170000000000000373e-01 4.393533479955316068e-01
9.180000000000000382e-01 4.393011206513967037e-01
9.190000000000000391e-01 4.392489192285278787e-01
9.200000000000000400e-01 4.391967437134194907e-01
9.210000000000000409e-01 4.391445940925703950e-01
9.220000000000000417e-01 4.390924703524833883e-01
9.230000000000000426e-01 4.390403724796658191e-01
9.240000000000000435e-01 4.389883004606293104e-01
9.250000000000000444e-01 4.389362542818898150e-01
9.260000000000000453e-01 4.388842339299678930e-01
9.270000000000000462e-01 4.388322393913882125e-01
9.280000000000000471e-01 4.387802706526796048e-01
9.290000000000000480e-01 4.387283277003757864e-01
9.300000000000000488e-01 4.386764105210144149e-01
9.310000000000000497e-01 4.386245191011376998e-01
9.320000000000000506e-01 4.385726534272921806e-01
9.330000000000000515e-01 4.385208134860287821e-01
9.340000000000000524e-01 4.384689992639027034e-01
9.350000000000000533e-01 4.384172107474738067e-01
9.360000000000000542e-01 4.383654479233060064e-01
9.370000000000000551e-01 4.383137107779679909e-01
9.379999999999999449e-01 4.382619992980322787e-01
9.389999999999999458e-01 4.382103134700763847e-01
9.399999999999999467e-01 4.381586532806818757e-01
9.409999999999999476e-01 4.381070187164348151e-01
9.419999999999999485e-01 4.380554097639257072e-01
9.429999999999999494e-01 4.380038264097493861e-01
9.439999999999999503e-01 4.379522686405051823e-01
9.449999999999999512e-01 4.379007364427967008e-01
9.459999999999999520e-01 4.378492298032323204e-01
9.469999999999999529e-01 4.377977487084243058e-01
9.479999999999999538e-01 4.377462931449896955e-01
9.489999999999999547e-01 4.376948630995500800e-01
9.499999999999999556e-01 4.376434585587312132e-01
9.509999999999999565e-01 4.375920795091635118e-01
9.519999999999999574e-01 4.375407259374815006e-01
9.529999999999999583e-01 4.374893978303244779e-01
9.539999999999999591e-01 4.374380951743360724e-01
9.549999999999999600e-01 4.373868179561642977e-01
9.559999999999999609e-01 4.373355661624617752e-01
9.569999999999999618e-01 4.372843397798855114e-01
9.579999999999999627e-01 4.372331387950968984e-01
9.589999999999999636e-01 4.371819631947618801e-01
9.599999999999999645e-01 4.371308129655507857e-01
9.609999999999999654e-01 4.370796880941387186e-01
9.619999999999999662e-01 4.370285885672047232e-01
9.629999999999999671e-01 4.369775143714327847e-01
9.639999999999999680e-01 4.369264654935112180e-01
9.649999999999999689e-01 4.368754419201327233e-01
9.659999999999999698e-01 4.368244436379946083e-01
9.669999999999999707e-01 4.367734706337986772e-01
9.679999999999999716e-01 4.367225228942511195e-01
9.689999999999999725e-01 4.366716004060628986e-01
9.699999999999999734e-01 4.366207031559489748e-01
9.709999999999999742e-01 4.365698311306293045e-01
9.719999999999999751e-01 4.365189843168282846e-01
9.729999999999999760e-01 4.364681627012744203e-01
9.739999999999999769e-01 4.364173662707012125e-01
9.749999999999999778e-01 4.363665950118463255e-01
9.759999999999999787e-01 4.363158489114523086e-01
9.769999999999999796e-01 4.362651279562658746e-01
9.779999999999999805e-01 4.362144321330385099e-01
9.789999999999999813e-01 4.361637614285260867e-01
9.799999999999999822e-01 4.361131158294890842e-01
9.809999999999999831e-01 4.360624953226924783e-01
9.819999999999999840e-01 4.360118998949057967e-01
9.829999999999999849e-01 4.359613295329031746e-01
9.839999999999999858e-01 4.359107842234631880e-01
9.849999999999999867e-01 4.358602639533691869e-01
9.859999999999999876e-01 4.358097687094086847e-01
9.869999999999999885e-01 4.357592984783739132e-01
9.879999999999999893e-01 4.357088532470619890e-01
9.889999999999999902e-01 4.356584330022741924e-01
9.899999999999999911e-01 4.356080377308164109e-01
9.909999999999999920e-01 4.355576674194993059e-01
9.919999999999999929e-01 4.355073220551379798e-01
9.929999999999999938e-01 4.354570016245520869e-01
9.939999999999999947e-01 4.354067061145657780e-01
9.949999999999999956e-01 4.353564355120081997e-01
9.959999999999999964e-01 4.353061898037124955e-01
9.969999999999999973e-01 4.352559689765169160e-01
9.979999999999999982e-01 4.352057730172638750e-01
9.989999999999999991e-01 4.351556019128007269e-01
1.000000000000000000e+00 4.351054556499791004e-01
1.000000000000000000e+00 4.351052971189084961e-01
1.100000000000000089e+00 4.302140670357745833e-01
1.199999999999999956e+00 4.255582770523068104e-01
1.300000000000000044e+00 4.211251651216501024e-01
1.399999999999999911e+00 4.169034689084999967e-01
1.500000000000000000e+00 4.128810974353634977e-01
1.600000000000000089e+00 4.090476171081572909e-01
1.699999999999999956e+00 4.053928254615593030e-01
1.800000000000000044e+00 4.019064404350276010e-01
1.899999999999999911e+00 3.985794455574828143e-01
2.000000000000000000e+00 3.954030901768436079e-01
2.100000000000000089e+00 3.923687883063186055e-01
2.200000000000000178e+00 3.894688561534532800e-01
2.299999999999999822e+00 3.866958761344324036e-01
2.399999999999999911e+00 3.840427963307789794e-01
2.500000000000000000e+00 3.815030941093225936e-01
2.600000000000000089e+00 3.790705713502047769e-01
2.700000000000000178e+00 3.767394278124847062e-01
2.799999999999999822e+00 3.745041419121006854e-01
2.899999999999999911e+00 3.723596223591363885e-01
3.000000000000000000e+00 3.703010044795824185e-01
3.100000000000000089e+00 3.683239820414770938e-01
3.200000000000000178e+00 3.664240355437989871e-01
3.299999999999999822e+00 3.645970454267611904e-01
3.399999999999999911e+00 3.628395223332446795e-01
3.500000000000000000e+00 3.611478004413599119e-01
3.600000000000000089e+00 3.595190557887277261e-01
3.700000000000000178e+00 3.579495098699828071e-01
3.799999999999999822e+00 3.564358844405702831e-01
3.899999999999999911e+00 3.549766967052915834e-01
4.000000000000000000e+00 3.535684400830365059e-01
4.099999999999999645e+00 3.522082001197571755e-01
4.200000000000000178e+00 3.508952648241565053e-01
4.299999999999999822e+00 3.496255885233776062e-01
4.400000000000000355e+00 3.483989744924493870e-01
4.500000000000000000e+00 3.472114855776174958e-01
4.599999999999999645e+00 3.460636364639713136e-01
4.700000000000000178e+00 3.449516613071413884e-01
4.799999999999999822e+00 3.438747500366228227e-01
4.900000000000000355e+00 3.428313649312670908e-01
5.000000000000000000e+00 3.418190548227776904e-01
5.099999999999999645e+00 3.408382652311091054e-01
5.200000000000000178e+00 3.398876218230861834e-01
5.299999999999999822e+00 3.389643218915547873e-01
5.400000000000000355e+00 3.380678605989609897e-01
5.500000000000000000e+00 3.371972192977141236e-01
5.599999999999999645e+00 3.363514185744480023e-01
5.700000000000000178e+00 3.355281966486839962e-01
5.799999999999999822e+00 3.347289101308206782e-01
5.900000000000000355e+00 3.339521615578276981e-01
6.000000000000000000e+00 3.331958758439618751e-01
6.099999999999999645e+00 3.324599135167813913e-01
6.200000000000000178e+00 3.317433344373550974e-01
6.299999999999999822e+00 3.310455117894866017e-01
6.400000000000000355e+00 3.303657423147485783e-01
6.500000000000000000e+00 3.297033565216979101e-01
6.599999999999999645e+00 3.290577167465624786e-01
6.700000000000000178e+00 3.284282470729580905e-01
6.799999999999999822e+00 3.278142889568784746e-01
6.900000000000000355e+00 3.272153438669330727e-01
7.000000000000000000e+00 3.266308820625282161e-01
7.099999999999999645e+00 3.260603980930598111e-01
7.200000000000000178e+00 3.255034135137228057e-01
7.299999999999999822e+00 3.249594555589547240e-01
7.400000000000000355e+00 3.244280955689681778e-01
7.500000000000000000e+00 3.239089049224980754e-01
7.599999999999999645e+00 3.234014950258793930e-01
7.700000000000000178e+00 3.229054667426756731e-01
7.799999999999999822e+00 3.224204566001276917e-01
7.900000000000000355e+00 3.219461119954438733e-01
8.000000000000000000e+00 3.214820952236878138e-01
8.099999999999999645e+00 3.210280278123351927e-01
8.199999999999999289e+00 3.205836746637700796e-01
8.300000000000000711e+00 3.201487040790931826e-01
8.400000000000000355e+00 3.197228274911039780e-01
8.500000000000000000e+00 3.193057675543951035e-01
8.599999999999999645e+00 3.188972575939698073e-01
8.699999999999999289e+00 3.184971421320750840e-01
8.800000000000000711e+00 3.181050145737751023e-01
8.900000000000000355e+00 3.177207089344878943e-01
9.000000000000000000e+00 3.173439990350815920e-01
9.099999999999999645e+00 3.169746673778784940e-01
9.199999999999999289e+00 3.166125047745051990e-01
9.300000000000000711e+00 3.162571468653267992e-01
9.400000000000000355e+00 3.159086704878477092e-01
9.500000000000000000e+00 3.155667670378626832e-01
9.599999999999999645e+00 3.152312542153984931e-01
9.699999999999999289e+00 3.149021134289473056e-01
9.800000000000000711e+00 3.145789120835316144e-01
9.900000000000000355e+00 3.142616051353667173e-01
1.000000000000000000e+01 3.139500367359809863e-01
1.009999999999999964e+01 3.136440566740446023e-01
1.019999999999999929e+01 3.133432878424254886e-01
1.030000000000000071e+01 3.130479829979401774e-01
1.040000000000000036e+01 3.127578288224212022e-01
1.050000000000000000e+01 3.124729130868827975e-01
1.059999999999999964e+01 3.121927345372423890e-01
1.069999999999999929e+01 3.119173373922518033e-01
1.080000000000000071e+01 3.116463681331352875e-01
1.090000000000000036e+01 3.113801086871477164e-01
1.100000000000000000e+01 3.111182689922862843e-01
1.109999999999999964e+01 3.108610168951311259e-01
1.119999999999999929e+01 3.106077812458916121e-01
1.130000000000000071e+01 3.103584027449198812e-01
1.140000000000000036e+01 3.101132283608244999e-01
1.150000000000000000e+01 3.098719631765530780e-01
1.159999999999999964e+01 3.096348864893663788e-01
1.169999999999999929e+01 3.094009819984391840e-01
1.180000000000000071e+01 3.091709385618974792e-01
1.190000000000000036e+01 3.089448060221635095e-01
1.200000000000000000e+01 3.087215994167674116e-01
1.209999999999999964e+01 3.085020118768739827e-01
1.219999999999999929e+01 3.082861548655317918e-01
1.230000000000000071e+01 3.080728739227853730e-01
1.240000000000000036e+01 3.078634461685674784e-01
1.250000000000000000e+01 3.076564544217421093e-01
1.259999999999999964e+01 3.074532211401397874e-01
1.269999999999999929e+01 3.072525684522305900e-01
1.280000000000000071e+01 3.070545200890485993e-01
1.290000000000000036e+01 3.068596826066771199e-01
1.300000000000000000e+01 3.066676259933969750e-01
1.309999999999999964e+01 3.064782921327254828e-01
1.319999999999999929e+01 3.062916220319684135e-01
1.330000000000000071e+01 3.061079979517132843e-01
1.340000000000000036e+01 3.059261194923694749e-01
1.350000000000000000e+01 3.057471694964221109e-01
1.359999999999999964e+01 3.055711226251088264e-01
1.369999999999999929e+01 3.053970549152855152e-01
1.380000000000000071e+01 3.052253421543845158e-01
1.390000000000000036e+01 3.050559576595490152e-01
1.400000000000000000e+01 3.048888408945081840e-01
1.409999999999999964e+01 3.047239307038066003e-01
1.419999999999999929e+01 3.045612220715919749e-01
1.430000000000000071e+01 3.044006476613185797e-01
1.440000000000000036e+01 3.042421673035409779e-01
1.450000000000000000e+01 3.040852508704410817e-01
1.459999999999999964e+01 3.039313110432541043e-01
1.469999999999999929e+01 3.037788629421104836e-01
1.480000000000000071e+01 3.036283835214935167e-01
1.490000000000000036e+01 3.034797866135514055e-01
1.500000000000000000e+01 3.033330810717064785e-01
1.509999999999999964e+01 3.031881875716757047e-01
1.519999999999999929e+01 3.030451167931694223e-01
1.530000000000000071e+01 3.029037909298304965e-01
1.540000000000000036e+01 3.027642225172627044e-01
1.550000000000000000e+01 3.026263350276480746e-01
1.559999999999999964e+01 3.024901428985912744e-01
1.569999999999999929e+01 3.023555706451441782e-01
1.580000000000000071e+01 3.022226121818403777e-01
1.590000000000000036e+01 3.020912602445057216e-01
1.600000000000000000e+01 3.019614430554973805e-01
1.610000000000000142e+01 3.018331774266058143e-01
1.619999999999999929e+01 3.017063921514105962e-01
1.630000000000000071e+01 3.015810839103567065e-01
1.639999999999999858e+01 3.014572483641330125e-01
1.650000000000000000e+01 3.013348173305873123e-01
1.660000000000000142e+01 3.012138102319720789e-01
1.669999999999999929e+01 3.010941589824074893e-01
1.680000000000000071e+01 3.009758629521284146e-01
1.689999999999999858e+01 3.008589206388694870e-01
1.700000000000000000e+01 3.007432663652092053e-01
1.710000000000000142e+01 3.006289224604922761e-01
1.719999999999999929e+01 3.005158228782212060e-01
1.730000000000000071e+01 3.004039696665283810e-01
1.739999999999999858e+01 3.002933641446867141e-01
1.750000000000000000e+01 3.001839421002741037e-01
1.760000000000000142e+01 3.000757066273948004e-01
1.769999999999999929e+01 2.999686601890986792e-01
1.780000000000000071e+01 2.998627401219037258e-01
1.789999999999999858e+01 2.997579505730412763e-01
1.800000000000000000e+01 2.996542951538636035e-01
1.810000000000000142e+01 2.995517124435497225e-01
1.819999999999999929e+01 2.994502076569053872e-01
1.830000000000000071e+01 2.993497855669317032e-01
1.839999999999999858e+01 2.992503856983729782e-01
1.850000000000000000e+01 2.991520143559611156e-01
1.860000000000000142e+01 2.990546774970812005e-01
1.869999999999999929e+01 2.989583153002147164e-01
1.880000000000000071e+01 2.988629351909503074e-01
1.889999999999999858e+01 2.987685223356891795e-01
1.900000000000000000e+01 2.986750832632263930e-01
1.910000000000000142e+01 2.985825606484235895e-01
1.919999999999999929e+01 2.984909624241661730e-01
1.930000000000000071e+01 2.984002963955514898e-01
1.939999999999999858e+01 2.983105052845492766e-01
1.950000000000000000e+01 2.982215982174509228e-01
1.960000000000000142e+01 2.981335622938708907e-01
1.969999999999999929e+01 2.980464059528444842e-01
1.980000000000000071e+01 2.979600736916361847e-01
1.989999999999999858e+01 2.978745752273698200e-01
2.000000000000000000e+01 2.977898986238090018e-01
2.010000000000000142e+01 2.977060530359373902e-01
2.019999999999999929e+01 2.976229843568056754e-01
2.030000000000000071e+01 2.975407029496006106e-01
2.039999999999999858e+01 2.974591977547703103e-01
2.050000000000000000e+01 2.973784786944216885e-01
2.060000000000000142e+01 2.972984926959811869e-01
2.069999999999999929e+01 2.972192508293471924e-01
2.080000000000000071e+01 2.971407428335962053e-01
2.089999999999999858e+01 2.970629794570950888e-01
2.100000000000000000e+01 2.969859083117116216e-01
2.110000000000000142e+01 2.969095412416823954e-01
2.119999999999999929e+01 2.968338687149337796e-01
2.130000000000000071e+01 2.967589023747435051e-01
2.139999999999999858e+01 2.966845901724922130e-01
2.150000000000000000e+01 2.966109448030554985e-01
2.160000000000000142e+01 2.965379574007334096e-01
2.169999999999999929e+01 2.964656405836544883e-01
2.180000000000000071e+01 2.963939422963345893e-01
2.189999999999999858e+01 2.963228761711537151e-01
2.200000000000000000e+01 2.962524339527761730e-01
2.210000000000000142e+01 2.961826074871319880e-01
2.219999999999999929e+01 2.961134098356003053e-01
2.230000000000000071e+01 2.960447902750131810e-01
2.239999999999999858e+01 2.959767628222584879e-01
2.250000000000000000e+01 2.959093199113891903e-01
2.260000000000000142e+01 2.958424540633179944e-01
2.269999999999999929e+01 2.957761788824098126e-01
2.280000000000000071e+01 2.957104445478265786e-01
2.289999999999999858e+01 2.956452655697274778e-01
2.300000000000000000e+01 2.955806350022324169e-01
2.310000000000000142e+01 2.955165459730013100e-01
2.319999999999999929e+01 2.954530127361523761e-01
2.330000000000000071e+01 2.953899859565162767e-01
2.339999999999999858e+01 2.953274807523251777e-01
2.350000000000000000e+01 2.952654907367955883e-01
2.360000000000000142e+01 2.952040095841885758e-01
2.369999999999999929e+01 2.951430310715693062e-01
2.380000000000000071e+01 2.950825696241534124e-01
2.389999999999999858e+01 2.950225774907150877e-01
2.400000000000000000e+01 2.949630699041140836e-01
2.410000000000000142e+01 2.949040410750575769e-01
2.419999999999999929e+01 2.948454852642550805e-01
2.430000000000000071e+01 2.947874177877606860e-01
2.439999999999999858e+01 2.947297905300731991e-01
2.450000000000000000e+01 2.946726195880002841e-01
2.460000000000000142e+01 2.946158996211818981e-01
2.469999999999999929e+01 2.945596253279240129e-01
2.480000000000000071e+01 2.945037914890394903e-01
2.489999999999999858e+01 2.944484138624511860e-01
2.500000000000000000e+01 2.943934449880453164e-01
2.510000000000000142e+01 2.943389013641286023e-01
2.519999999999999929e+01 2.942847781320094835e-01
2.530000000000000071e+01 2.942310704617284167e-01
2.539999999999999858e+01 2.941777735967872065e-01
2.550000000000000000e+01 2.941248828528537085e-01
2.560000000000000142e+01 2.940724140138312181e-01
2.569999999999999929e+01 2.940203211618497847e-01
2.580000000000000071e+01 2.939686207709356069e-01
2.589999999999999858e+01 2.939173084768079147e-01
2.600000000000000000e+01 2.938663799356956985e-01
2.610000000000000142e+01 2.938158308681935726e-01
2.619999999999999929e+01 2.937656570581675952e-01
2.630000000000000071e+01 2.937158744968477730e-01
2.639999999999999858e+01 2.936664382449187816e-01
2.650000000000000000e+01 2.936173649425757870e-01
2.660000000000000142e+01 2.935686506600893031e-01
2.669999999999999929e+01 2.935202914803299867e-01
2.680000000000000071e+01 2.934722835427496235e-01
2.689999999999999858e+01 2.934246230424584767e-01
2.700000000000000000e+01 2.933773263615599980e-01
2.710000000000000142e+01 2.933303490001120117e-01
2.719999999999999929e+01 2.932837079558094917e-01
2.730000000000000071e+01 2.932373996823675055e-01
2.739999999999999858e+01 2.931914206382745247e-01
2.750000000000000000e+01 2.931457673319121104e-01
2.760000000000000142e+01 2.931004363207784236e-01
2.769999999999999929e+01 2.930554445706178845e-01
2.780000000000000071e+01 2.930107474873291928e-01
2.789999999999999858e+01 2.929663626255484821e-01
2.800000000000000000e+01 2.929222867787267814e-01
2.810000000000000142e+01 2.928785167370835940e-01
2.819999999999999929e+01 2.928350493349622941e-01
2.830000000000000071e+01 2.927918814501810907e-01
2.839999999999999858e+01 2.927490100032899001e-01
2.850000000000000000e+01 2.927064522248239986e-01
2.860000000000000142e+01 2.926641640745581974e-01
2.869999999999999929e+01 2.926221633388628729e-01
2.880000000000000071e+01 2.925804471508230975e-01
2.889999999999999858e+01 2.925390126337445995e-01
2.900000000000000000e+01 2.924978569494126046e-01
2.910000000000000142e+01 2.924569772975597060e-01
2.919999999999999929e+01 2.924163709152358126e-01
2.930000000000000071e+01 2.923760350761884785e-01
2.939999999999999858e+01 2.923359870008913064e-01
2.950000000000000000e+01 2.922961837302037180e-01
2.960000000000000142e+01 2.922566430033287088e-01
2.969999999999999929e+01 2.922173622832618944e-01
2.980000000000000071e+01 2.921783390181377782e-01
2.989999999999999858e+01 2.921395706892194744e-01
3.000000000000000000e+01 2.921010548104739923e-01
3.010000000000000142e+01 2.920627889280429934e-01
3.019999999999999929e+01 2.920247706197254822e-01
3.030000000000000071e+01 2.919870173582816975e-01
3.039999999999999858e+01 2.919494865903736747e-01
3.050000000000000000e+01 2.919121962780367729e-01
3.060000000000000142e+01 2.918751441702461813e-01
3.069999999999999929e+01 2.918383279954488985e-01
3.080000000000000071e+01 2.918017455107307923e-01
3.089999999999999858e+01 2.917653945014812011e-01
3.100000000000000000e+01 2.917292727809496777e-01
3.110000000000000142e+01 2.916933781898090050e-01
3.119999999999999929e+01 2.916577085957277049e-01
3.130000000000000071e+01 2.916222815173513117e-01
3.139999999999999858e+01 2.915870551827515200e-01
3.150000000000000000e+01 2.915520475679844181e-01
3.160000000000000142e+01 2.915172566943958765e-01
3.169999999999999929e+01 2.914826805583153879e-01
3.180000000000000071e+01 2.914483171805454798e-01
3.189999999999999858e+01 2.914141646061089164e-01
3.200000000000000000e+01 2.913802209038789948e-01
3.210000000000000142e+01 2.913464841662180005e-01
3.220000000000000284e+01 2.913129525086212146e-01
3.229999999999999716e+01 2.912796437968910856e-01
3.239999999999999858e+01 2.912465163081096042e-01
3.250000000000000000e+01 2.912135883404776138e-01
3.260000000000000142e+01 2.911808581504187754e-01
3.270000000000000284e+01 2.911483239638453790e-01
3.279999999999999716e+01 2.911159840276738020e-01
3.289999999999999858e+01 2.910838366096419882e-01
3.300000000000000000e+01 2.910518799980025273e-01
3.310000000000000142e+01 2.910201125012192858e-01
3.320000000000000284e+01 2.909885324476710888e-01
3.329999999999999716e+01 2.909571381853592875e-01
3.339999999999999858e+01 2.909259280816212101e-01
3.350000000000000000e+01 2.908949197691712008e-01
3.360000000000000142e+01 2.908640727577979090e-01
3.370000000000000284e+01 2.908334050793291992e-01
3.379999999999999716e+01 2.908029152266994877e-01
3.389999999999999858e+01 2.907726016596910990e-01
3.400000000000000000e+01 2.907424628556776747e-01
3.410000000000000142e+01 2.907124973095002729e-01
3.420000000000000284e+01 2.906827035332184006e-01
3.429999999999999716e+01 2.906530800558649874e-01
3.439999999999999858e+01 2.906236254232041905e-01
3.450000000000000000e+01 2.905943381974955830e-01
3.460000000000000142e+01 2.905652169572607857e-01
3.470000000000000284e+01 2.905362794728746922e-01
3.479999999999999716e+01 2.905074856183567089e-01
3.489999999999999858e+01 2.904788535372512248e-01
3.500000000000000000e+01 2.904503819232007733e-01
3.510000000000000142e+01 2.904220694326042906e-01
3.520000000000000284e+01 2.903939147366710882e-01
3.529999999999999716e+01 2.903659165213509086e-01
3.539999999999999858e+01 2.903380734871314206e-01
3.550000000000000000e+01 2.903103843488373248e-01
3.560000000000000142e+01 2.902828478354332886e-01
3.570000000000000284e+01 2.902554626898307122e-01
3.579999999999999716e+01 2.902282276686963813e-01
3.589999999999999858e+01 2.902011415422655061e-01
3.600000000000000000e+01 2.901742221836886015e-01
3.610000000000000142e+01 2.901474298443251776e-01
3.620000000000000284e+01 2.901207827449973076e-01
3.629999999999999716e+01 2.900942797620503777e-01
3.639999999999999858e+01 2.900679197308120849e-01
3.650000000000000000e+01 2.900417014989730147e-01
3.660000000000000142e+01 2.900156239265657132e-01
3.670000000000000284e+01 2.899896858857997084e-01
3.679999999999999716e+01 2.899638862608999723e-01
3.689999999999999858e+01 2.899382239479471046e-01
3.700000000000000000e+01 2.899126978547204025e-01
3.710000000000000142e+01 2.898873069005434844e-01
3.720000000000000284e+01 2.898620500161325775e-01
3.729999999999999716e+01 2.898369261434460831e-01
3.739999999999999858e+01 2.898119342355383043e-01
3.750000000000000000e+01 2.897870918940794738e-01
3.760000000000000142e+01 2.897623604760544147e-01
3.770000000000000284e+01 2.897377579018630134e-01
3.779999999999999716e+01 2.897132832206347208e-01
3.789999999999999858e+01 2.896889354387539028e-01
3.800000000000000000e+01 2.896647135727208888e-01
3.810000000000000142e+01 2.896406166491650724e-01
3.820000000000000284e+01 2.896166437047159037e-01
3.829999999999999716e+01 2.895927937858748802e-01
3.839999999999999858e+01 2.895690659488894814e-01
3.850000000000000000e+01 2.895454592596287124e-01
3.860000000000000142e+01 2.895219727934613130e-01
3.870000000000000284e+01 2.894986056351351866e-01
3.879999999999999716e+01 2.894753568786584963e-01
3.889999999999999858e+01 2.894522256271834793e-01
3.900000000000000000e+01 2.894292109928913725e-01
3.910000000000000142e+01 2.894063304087775013e-01
3.920000000000000284e+01 2.893835460598380149e-01
3.929999999999999716e+01 2.893608756715164154e-01
3.939999999999999858e+01 2.893383184443069078e-01
3.950000000000000000e+01 2.893158735338771104e-01
3.960000000000000142e+01 2.892935401041211163e-01
3.970000000000000284e+01 2.892713173272057903e-01
3.979999999999999716e+01 2.892492043834692939e-01
3.989999999999999858e+01 2.892272004613204994e-01
4.000000000000000000e+01 2.892053047571404023e-01
4.010000000000000142e+01 2.891835164751834220e-01
4.020000000000000284e+01 2.891618348274824224e-01
4.029999999999999716e+01 2.891402590337533995e-01
4.039999999999999858e+01 2.891187883213021115e-01
4.050000000000000000e+01 2.890974219249319854e-01
4.060000000000000142e+01 2.890761590868540232e-01
4.070000000000000284e+01 2.890549990565964844e-01
4.079999999999999716e+01 2.890339592495201892e-01
4.089999999999999858e+01 2.890130023098110845e-01
4.100000000000000000e+01 2.889921459215289978e-01
4.110000000000000142e+01 2.889713894171485054e-01
4.120000000000000284e+01 2.889507320815249969e-01
4.129999999999999716e+01 2.889301732061652084e-01
4.139999999999999858e+01 2.889097120893049930e-01
4.150000000000000000e+01 2.888893480358294963e-01
4.160000000000000142e+01 2.888690803571953847e-01
4.170000000000000284e+01 2.888489083713530192e-01
4.179999999999999716e+01 2.888288314026700165e-01
4.189999999999999858e+01 2.888088487818563088e-01
4.200000000000000000e+01 2.887889598458897034e-01
4.210000000000000142e+01 2.887691639379427744e-01
4.220000000000000284e+01 2.887494604073104765e-01
4.229999999999999716e+01 2.887298486093395899e-01
4.239999999999999858e+01 2.887103279053579996e-01
4.250000000000000000e+01 2.886908976626055834e-01
4.260000000000000142e+01 2.886715572541664887e-01
4.270000000000000284e+01 2.886523239447170153e-01
4.279999999999999716e+01 2.886331610646497015e-01
4.289999999999999858e+01 2.886140861232294741e-01
4.300000000000000000e+01 2.885950985714664796e-01
4.310000000000000142e+01 2.885761978107310166e-01
4.320000000000000284e+01 2.885573832476830969e-01
4.329999999999999716e+01 2.885386542943764732e-01
4.339999999999999858e+01 2.885200103681970774e-01
4.350000000000000000e+01 2.885014508918035125e-01
4.360000000000000142e+01 2.884829752930668789e-01
4.370000000000000284e+01 2.884645830050128756e-01
4.379999999999999716e+01 2.884462734657629035e-01
4.389999999999999858e+01 2.884280461184782207e-01
4.400000000000000000e+01 2.884099004113022113e-01
4.410000000000000142e+01 2.883918357973059843e-01
4.420000000000000284e+01 2.883738517344326957e-01
4.429999999999999716e+01 2.883559476854438142e-01
4.439999999999999858e+01 2.883381231178658854e-01
4.450000000000000000e+01 2.883203775039372974e-01
4.460000000000000142e+01 2.883027103205568209e-01
4.470000000000000284e+01 2.882851210492318739e-01
4.479999999999999716e+01 2.882676091760283943e-01
4.489999999999999858e+01 2.882501914704687085e-01
4.500000000000000000e+01 2.882328326106171068e-01
4.510000000000000142e+01 2.882155495851352889e-01
4.520000000000000284e+01 2.881983419518487910e-01
4.529999999999999716e+01 2.881812092189510177e-01
4.539999999999999858e+01 2.881641508987408118e-01
4.550000000000000000e+01 2.881471665077400268e-01
4.560000000000000142e+01 2.881302555666480081e-01
4.570000000000000284e+01 2.881134176002970726e-01
4.579999999999999716e+01 2.880966521376081002e-01
4.589999999999999858e+01 2.880799587115459026e-01
4.600000000000000000e+01 2.880633368590772014e-01
4.610000000000000142e+01 2.880467861211266078e-01
4.620000000000000284e+01 2.880303060425351003e-01
4.629999999999999716e+01 2.880138961720183910e-01
4.639999999999999858e+01 2.879975560621255148e-01
4.650000000000000000e+01 2.879812852691983061e-01
4.660000000000000142e+01 2.879650833533313747e-01
4.670000000000000284e+01 2.879489498783326940e-01
4.679999999999999716e+01 2.879328844116840758e-01
4.689999999999999858e+01 2.879168865245029796e-01
4.700000000000000000e+01 2.879009557915040984e-01
4.710000000000000142e+01 2.878850917909620000e-01
4.720000000000000284e+01 2.878693111942917104e-01
4.729999999999999716e+01 2.878535791664876831e-01
4.739999999999999858e+01 2.878379125762670077e-01
4.750000000000000000e+01 2.878223110711521926e-01
4.760000000000000142e+01 2.878067742467648182e-01
4.770000000000000284e+01 2.877913017018965958e-01
4.779999999999999716e+01 2.877758930386493108e-01
4.789999999999999858e+01 2.877605478624007951e-01
4.800000000000000000e+01 2.877452657817720083e-01
4.810000000000000142e+01 2.877300464085927878e-01
4.820000000000000284e+01 2.877148893578699851e-01
4.829999999999999716e+01 2.876997942477547143e-01
4.839999999999999858e+01 2.876847606995101003e-01
4.850000000000000000e+01 2.876697883374798037e-01
4.860000000000000142e+01 2.876548767890569902e-01
4.870000000000000284e+01 2.876400256846529113e-01
4.879999999999999716e+01 2.876252346576672059e-01
4.889999999999999858e+01 2.876105033444569248e-01
4.900000000000000000e+01 2.875958313843072767e-01
4.910000000000000142e+01 2.875812184194022070e-01
4.920000000000000284e+01 2.875666640947950881e-01
4.929999999999999716e+01 2.875521680583802975e-01
4.939999999999999858e+01 2.875377299608649073e-01
4.950000000000000000e+01 2.875233494557399849e-01
4.960000000000000142e+01 2.875090261992537810e-01
4.970000000000000284e+01 2.874947598503839741e-01
4.979999999999999716e+01 2.874805500708105255e-01
4.989999999999999858e+01 2.874664130465144907e-01
5.000000000000000000e+01 2.874523151816633093e-01
5.010000000000000142e+01 2.874382728366647877e-01
5.020000000000000284e+01 2.874242857382892091e-01
5.029999999999999716e+01 2.874103535614446758e-01
5.039999999999999858e+01 2.873964759834115035e-01
5.050000000000000000e+01 2.873826526839923790e-01
5.060000000000000142e+01 2.873688833454884906e-01
5.070000000000000284e+01 2.873551676526746035e-01
5.079999999999999716e+01 2.873415052927759117e-01
5.089999999999999858e+01 2.873278959554433909e-01
5.100000000000000000e+01 2.873143393327310946e-01
5.110000000000000142e+01 2.873008351190723952e-01
5.120000000000000284e+01 2.872873830112573912e-01
5.129999999999999716e+01 2.872739827084100916e-01
5.139999999999999858e+01 2.872606339119658792e-01
5.150000000000000000e+01 2.872473363256496937e-01
5.160000000000000142e+01 2.872340896554538836e-01
5.170000000000000284e+01 2.872208936096165011e-01
5.179999999999999716e+01 2.872077478986000965e-01
5.189999999999999858e+01 2.871946522350705133e-01
5.200000000000000000e+01 2.871816063338759051e-01
5.210000000000000142e+01 2.871686099120261959e-01
5.220000000000000284e+01 2.871556626886723751e-01
5.229999999999999716e+01 2.871427643850865130e-01
5.239999999999999858e+01 2.871299147246417216e-01
5.250000000000000000e+01 2.871171134327922814e-01
5.260000000000000142e+01 2.871043602370546011e-01
5.270000000000000284e+01 2.870916548669869006e-01
5.279999999999999716e+01 2.870789970541712810e-01
5.289999999999999858e+01 2.870664025688320908e-01
5.300000000000000000e+01 2.870538388734534263e-01
5.310000000000000142e+01 2.870413218913182019e-01
5.320000000000000284e+01 2.870288514162201987e-01
5.329999999999999716e+01 2.870164271897042152e-01
5.339999999999999858e+01 2.870040489550493845e-01
5.350000000000000000e+01 2.869917164574304902e-01
5.360000000000000142e+01 2.869794294439012017e-01
5.370000000000000284e+01 2.869671876633765883e-01
5.379999999999999716e+01 2.869549908666160776e-01
5.389999999999999858e+01 2.869428388062066904e-01
5.400000000000000000e+01 2.869307312365462215e-01
5.410000000000000142e+01 2.869186679138265861e-01
5.420000000000000284e+01 2.869066485960177770e-01
5.429999999999999716e+01 2.868946730428514891e-01
5.439999999999999858e+01 2.868827410158049096e-01
5.450000000000000000e+01 2.868708522780852865e-01
5.460000000000000142e+01 2.868590065946141077e-01
5.470000000000000284e+01 2.868472037320116130e-01
5.479999999999999716e+01 2.868354434585814738e-01
5.489999999999999858e+01 2.868237255442955824e-01
5.500000000000000000e+01 2.868120497607792863e-01
6.000000000000000000e+01 2.862773862672772229e-01
6.500000000000000000e+01 2.858241870465940138e-01
7.000000000000000000e+01 2.854351699275392007e-01
7.500000000000000000e+01 2.850975905792944021e-01
8.000000000000000000e+01 2.848018925932674916e-01
8.500000000000000000e+01 2.845407385958280133e-01
9.000000000000000000e+01 2.843084105159440211e-01
9.500000000000000000e+01 2.841003862475172115e-01
1.000000000000000000e+02 2.839130425875813768e-01
1.050000000000000000e+02 2.837434363201742915e-01
1.100000000000000000e+02 2.835891717719212779e-01
1.150000000000000000e+02 2.834482542574556785e-01
1.200000000000000000e+02 2.833190197169780933e-01
1.250000000000000000e+02 2.832000788808278768e-01
1.300000000000000000e+02 2.830902470044904806e-01
1.350000000000000000e+02 2.829885144395847263e-01
1.400000000000000000e+02 2.828940198420917262e-01
1.450000000000000000e+02 2.828060173972763991e-01
1.500000000000000000e+02 2.827238579174350952e-01
1.550000000000000000e+02 2.826469787365825104e-01
1.600000000000000000e+02 2.825748923591709927e-01
1.650000000000000000e+02 2.825071593977224738e-01
1.700000000000000000e+02 2.824433889710372125e-01
1.750000000000000000e+02 2.823832604492954035e-01
1.800000000000000000e+02 2.823264608708478951e-01
1.850000000000000000e+02 2.822727121225135916e-01
1.900000000000000000e+02 2.822217974967990983e-01
1.950000000000000000e+02 2.821734844824634880e-01
2.000000000000000000e+02 2.821275620278982932e-01
