1.000000000000000021e-02 1.592844862935487854e-02 1.554819201083406472e-03
1.000000000000000056e-01 4.720286854320106251e-02 1.019516155146834007e-03
5.000000000000000000e-01 9.115147030848486098e-02 2.646799304643616783e-03
8.000000000000000444e-01 9.943082550410542453e-02 2.867976356942191028e-03
1.000000000000000000e+00 9.015668147762698204e-02 1.172654353744452755e-03
1.500000000000000000e+00 2.691525235614480871e-01 1.583550782481985648e-03
2.000000000000000000e+00 3.304190239468252077e-01 7.008457669636990010e-04
2.500000000000000000e+00 4.017764174206130967e-01 8.711368923104615249e-04
3.000000000000000000e+00 5.795299659320874985e-01 8.515820887394844356e-04
3.500000000000000000e+00 6.426256815658510924e-01 1.508779036191891304e-03
4.000000000000000000e+00 7.005592440381382957e-01 8.103429836862686454e-04
4.500000000000000000e+00 7.167937512281178369e-01 8.936497821121443036e-04
5.000000000000000000e+00 8.448392409390426128e-01 1.897059917964714210e-03
6.000000000000000000e+00 8.703903673451175438e-01 1.345988953753939109e-03
7.000000000000000000e+00 8.901635846570044031e-01 8.552911810163677962e-04
8.000000000000000000e+00 9.014129391876584130e-01 1.194365770795378662e-03
9.000000000000000000e+00 9.107595910247520132e-01 1.365337166804919808e-03
1.000000000000000000e+01 9.225968442019770732e-01 8.710090917999461797e-04
