1.000000000000000021e-02 5.944025984804743867e-01 8.326880229270281625e-03
1.000000000000000056e-01 4.376845188028111733e-01 5.471734149701340533e-03
5.000000000000000000e-01 2.182579720103611787e-01 2.036890242932069394e-03
8.000000000000000444e-01 1.704345778029904557e-01 3.402252101369034835e-03
1.000000000000000000e+00 1.624361598105302229e-01 1.680196800099467919e-03
1.500000000000000000e+00 1.296020372208532834e-01 1.407070181954914092e-03
2.000000000000000000e+00 1.058112954090608820e-01 1.090185498190221524e-03
3.000000000000000000e+00 6.518358158544497460e-02 8.410433426639130636e-04
4.000000000000000000e+00 3.982901779140488041e-02 1.146973442702363616e-03
5.000000000000000000e+00 2.729673589533231776e-02 7.596857529148406778e-04
6.000000000000000000e+00 2.305808204511617179e-02 1.015579493252593462e-03
7.000000000000000000e+00 1.799468344151552643e-02 5.904828837402081041e-04
8.000000000000000000e+00 1.486695839679233466e-02 4.562541781067602558e-04
9.000000000000000000e+00 1.376462871539911072e-02 3.971821062793444218e-04
1.000000000000000000e+01 1.241022268434370177e-02 4.666870045290277868e-04
