1.000000000000000021e-02 3.587056111553910674e-04 4.629836717598949250e-04
1.000000000000000056e-01 3.903111528643748301e-02 3.249428254663955348e-04
5.000000000000000000e-01 8.104285985908991907e-02 2.536463782923146864e-04
8.000000000000000444e-01 8.540714353449638252e-02 3.629848328268335989e-04
1.000000000000000000e+00 8.365245698901531413e-02 3.378362096498265204e-04
1.500000000000000000e+00 7.884468410735055721e-02 3.211088802433121757e-04
2.000000000000000000e+00 7.074039563934243768e-02 4.095386175645071092e-04
2.500000000000000000e+00 6.302239600353896909e-02 5.159158680331345573e-04
3.000000000000000000e+00 4.408806425516171440e-02 2.760599740043430481e-04
3.500000000000000000e+00 3.719632328024678053e-02 3.855462124027545217e-04
4.000000000000000000e+00 3.158790673175519703e-02 2.622510915916525772e-04
4.500000000000000000e+00 2.972012721428339901e-02 5.762419035276242609e-04
5.000000000000000000e+00 1.618135984586966530e-02 2.163671893886529507e-04
6.000000000000000000e+00 1.295507372599610102e-02 2.842508107408220222e-04
7.000000000000000000e+00 1.137557979786824394e-02 1.869868620146219432e-04
8.000000000000000000e+00 9.725872577969143021e-03 3.218339503729497099e-04
9.000000000000000000e+00 8.819894164944868525e-03 1.609424823063123385e-04
1.000000000000000000e+01 7.704474828785242910e-03 2.609591818658015590e-04
