1.000000000000000021e-02 -1.770880574858470224e-02 4.604790759642252845e-03
1.000000000000000056e-01 -6.410311937719057919e-03 1.380788071303924117e-03
5.000000000000000000e-01 2.317276661665930715e-01 1.504354997009801171e-03
8.000000000000000444e-01 5.129231628666705012e-01 1.622711001757121130e-03
1.000000000000000000e+00 6.874663624814495444e-01 1.804490412602036912e-03
1.500000000000000000e+00 8.427112872622585238e-01 2.736476258739049556e-03
2.000000000000000000e+00 8.647748518359513747e-01 1.970617708051489430e-03
2.500000000000000000e+00 8.760680342295611434e-01 1.317934292269380128e-03
4.000000000000000000e+00 8.845052016204406620e-01 1.319304723541625144e-03
5.000000000000000000e+00 8.873529026291646638e-01 1.191951482880754167e-03
