1.000000000000000021e-02 8.946666130613914469e-02 1.639086645957087487e-02
1.000000000000000056e-01 1.014084261159517442e-01 7.451898365159139240e-03
5.000000000000000000e-01 9.984520538500965547e-02 1.469261575188059209e-03
8.000000000000000444e-01 9.900417090974528156e-02 1.129334465111850143e-03
1.000000000000000000e+00 9.591500557725328446e-02 1.339232036894309101e-03
1.500000000000000000e+00 6.906339038863686108e-02 1.080665697475793018e-03
2.000000000000000000e+00 5.158712553152874219e-02 8.205889694334371964e-04
2.500000000000000000e+00 4.043067017991298917e-02 5.082988335661003856e-04
4.000000000000000000e+00 2.516467543001761620e-02 3.645722723830692436e-04
5.000000000000000000e+00 2.018946126260592888e-02 3.394094972468635735e-04
