1.000000000000000021e-02 -4.648564096433912933e-03 4.522631029847432732e-03
1.000000000000000056e-01 5.174373963345043834e-03 1.752729776317157222e-03
5.000000000000000000e-01 1.676440047215502771e-01 1.900217104182243830e-03
8.000000000000000444e-01 4.313001286040123450e-01 2.124613462167900760e-03
1.000000000000000000e+00 6.016971737065716086e-01 2.074531624658541157e-03
1.500000000000000000e+00 7.717775408019337258e-01 2.560664513562977123e-03
2.000000000000000000e+00 7.833379991998160596e-01 2.085522732833600471e-03
2.500000000000000000e+00 7.944623199946888592e-01 2.189059576944674037e-03
4.000000000000000000e+00 8.019527379331126138e-01 1.691400604170737549e-03
5.000000000000000000e+00 8.049651085070961276e-01 1.884225461215334376e-03
