1.000000000000000021e-02 9.594850244572707965e-01 8.707398728875730479e-03
1.000000000000000056e-01 9.641288926483870814e-01 6.289461017946743580e-03
5.000000000000000000e-01 9.476445862303503054e-01 8.405034132130752983e-03
8.000000000000000444e-01 9.271638973297158248e-01 3.458099099821449352e-03
1.000000000000000000e+00 9.138966943912082419e-01 3.031183316615582071e-03
1.500000000000000000e+00 9.406285487478591723e-01 3.006132287105944389e-03
2.000000000000000000e+00 9.559026441534058671e-01 2.171092237284356127e-03
2.500000000000000000e+00 9.634501234101630063e-01 2.310855303887058860e-03
4.000000000000000000e+00 9.732325983839625883e-01 1.752257872108893902e-03
5.000000000000000000e+00 9.758315792143803513e-01 1.437264141369905312e-03
