1.000000000000000021e-02 -3.905983946614860307e-03 1.905605271428771706e-03
1.000000000000000056e-01 -2.067172640294011755e-03 2.171949345992324476e-03
5.000000000000000000e-01 -1.355818932170672420e-03 2.034315442389886958e-03
8.000000000000000444e-01 -5.304409180542607287e-03 1.545045349995930557e-03
1.000000000000000000e+00 -5.967676200857580451e-03 1.941898664238407828e-03
1.500000000000000000e+00 1.512065803170619034e-04 9.685169293813779496e-04
2.000000000000000000e+00 7.222012779764880254e-05 1.078669980395954072e-03
2.500000000000000000e+00 8.067341733032782269e-04 9.895476421618409728e-04
4.000000000000000000e+00 9.070528102235632514e-04 7.603827651711211107e-04
5.000000000000000000e+00 8.644102126407447739e-04 6.576890581146332612e-04
