1.000000000000000021e-02 -4.369874365262860910e-03 1.573596326414275839e-03
1.000000000000000056e-01 3.161594008486500964e-05 1.430480727976982331e-03
5.000000000000000000e-01 3.805189858704845565e-03 9.923324452398704296e-04
8.000000000000000444e-01 -2.930818883775313313e-03 1.017701642434616551e-03
1.000000000000000000e+00 8.624491613410047337e-04 8.181548776313753157e-04
1.500000000000000000e+00 1.449656726732311820e-03 5.581715958288688750e-04
2.000000000000000000e+00 3.383086198742322505e-03 6.257397049389901503e-04
2.500000000000000000e+00 2.153034258931756095e-03 7.087008601866847269e-04
4.000000000000000000e+00 2.150977052032655625e-03 7.592129018625496956e-04
5.000000000000000000e+00 1.993647637085273292e-03 7.178397968897155205e-04
