1.000000000000000021e-03 3.453312714316776888e-01
2.000000000000000042e-03 3.453088068058258742e-01
3.000000000000000062e-03 3.452848749215370883e-01
4.000000000000000083e-03 3.452610873182160867e-01
5.000000000000000104e-03 3.452372796570158942e-01
6.000000000000000125e-03 3.452134486581266981e-01
7.000000000000000146e-03 3.451895942391349226e-01
8.000000000000000167e-03 3.451657163811850948e-01
8.999999999999999320e-03 3.451418150666940021e-01
1.000000000000000021e-02 3.451178902781105173e-01
1.099999999999999936e-02 3.450939419978913958e-01
1.200000000000000025e-02 3.450699702085002762e-01
1.299999999999999940e-02 3.450459748924085135e-01
1.400000000000000029e-02 3.450219560320945122e-01
1.499999999999999944e-02 3.449979136100445043e-01
1.600000000000000033e-02 3.449738476087517158e-01
1.700000000000000122e-02 3.449497580107174777e-01
1.799999999999999864e-02 3.449256447984505036e-01
1.899999999999999953e-02 3.449015079544671125e-01
2.000000000000000042e-02 3.448773474612918943e-01
2.100000000000000130e-02 3.448531633014566000e-01
2.199999999999999872e-02 3.448289554575013072e-01
2.299999999999999961e-02 3.448047239119740870e-01
2.400000000000000050e-02 3.447804686474311153e-01
2.500000000000000139e-02 3.447561896464361730e-01
2.599999999999999881e-02 3.447318868915619228e-01
2.699999999999999969e-02 3.447075603653887987e-01
2.800000000000000058e-02 3.446832100505057839e-01
2.900000000000000147e-02 3.446588359295101878e-01
2.999999999999999889e-02 3.446344379850075912e-01
3.099999999999999978e-02 3.446100161996125122e-01
3.200000000000000067e-02 3.445855705559475735e-01
3.300000000000000155e-02 3.445611010366446125e-01
3.400000000000000244e-02 3.445366076243435161e-01
3.500000000000000333e-02 3.445120903016934966e-01
3.599999999999999728e-02 3.444875490513524263e-01
3.699999999999999817e-02 3.444629838559871149e-01
3.799999999999999906e-02 3.444383946982734757e-01
3.899999999999999994e-02 3.444137815608964148e-01
4.000000000000000083e-02 3.443891444265498869e-01
4.100000000000000172e-02 3.443644832779371723e-01
4.200000000000000261e-02 3.443397980977708772e-01
4.299999999999999656e-02 3.443150888687728228e-01
4.399999999999999745e-02 3.442903555736742116e-01
4.499999999999999833e-02 3.442655981952159050e-01
4.599999999999999922e-02 3.442408167161482013e-01
4.700000000000000011e-02 3.442160111192311134e-01
4.800000000000000100e-02 3.441911813872343129e-01
4.900000000000000189e-02 3.441663275029370750e-01
5.000000000000000278e-02 3.441414494491287779e-01
5.099999999999999672e-02 3.441165472086085142e-01
5.199999999999999761e-02 3.440916207641853131e-01
5.299999999999999850e-02 3.440666700986784732e-01
5.399999999999999939e-02 3.440416951949172852e-01
5.500000000000000028e-02 3.440166960357411985e-01
5.600000000000000117e-02 3.439916726039998762e-01
5.700000000000000205e-02 3.439666248825533068e-01
5.800000000000000294e-02 3.439415528542720812e-01
5.899999999999999689e-02 3.439164565020371156e-01
5.999999999999999778e-02 3.438913358087398731e-01
6.099999999999999867e-02 3.438661907572823084e-01
6.199999999999999956e-02 3.438410213305773122e-01
6.300000000000000044e-02 3.438158275115483220e-01
6.400000000000000133e-02 3.437906092831297111e-01
6.500000000000000222e-02 3.437653666282666776e-01
6.600000000000000311e-02 3.437400995299155215e-01
6.700000000000000400e-02 3.437148079710434234e-01
6.800000000000000488e-02 3.436894919346286104e-01
6.900000000000000577e-02 3.436641514036608003e-01
7.000000000000000666e-02 3.436387863611408133e-01
7.099999999999999367e-02 3.436133967900805164e-01
7.199999999999999456e-02 3.435879826735037113e-01
7.299999999999999545e-02 3.435625439944454129e-01
7.399999999999999634e-02 3.435370807359521272e-01
7.499999999999999722e-02 3.435115928810817953e-01
7.599999999999999811e-02 3.434860804129046263e-01
7.699999999999999900e-02 3.434605433145020981e-01
7.799999999999999989e-02 3.434349815689675123e-01
7.900000000000000078e-02 3.434093951594066052e-01
8.000000000000000167e-02 3.433837840689364929e-01
8.100000000000000255e-02 3.433581482806867258e-01
8.200000000000000344e-02 3.433324877777986783e-01
8.300000000000000433e-02 3.433068025434263815e-01
8.400000000000000522e-02 3.432810925607355790e-01
8.500000000000000611e-02 3.432553578129048932e-01
8.599999999999999312e-02 3.432295982831251036e-01
8.699999999999999400e-02 3.432038139545993127e-01
8.799999999999999489e-02 3.431780048105437797e-01
8.899999999999999578e-02 3.431521708341868093e-01
8.999999999999999667e-02 3.431263120087696961e-01
9.099999999999999756e-02 3.431004283175465019e-01
9.199999999999999845e-02 3.430745197437841121e-01
9.299999999999999933e-02 3.430485862707626232e-01
9.400000000000000022e-02 3.430226278817745111e-01
9.500000000000000111e-02 3.429966445601261849e-01
9.600000000000000200e-02 3.429706362891365989e-01
9.700000000000000289e-02 3.429446030521380862e-01
9.800000000000000377e-02 3.429185448324765795e-01
9.900000000000000466e-02 3.428924616135111125e-01
1.000000000000000056e-01 3.428663533786142081e-01
1.010000000000000064e-01 3.428402201111719894e-01
1.019999999999999934e-01 3.428140617945842905e-01
1.029999999999999943e-01 3.427878784122644906e-01
1.039999999999999952e-01 3.427616699476399020e-01
1.049999999999999961e-01 3.427354363841514928e-01
1.059999999999999970e-01 3.427091777052542754e-01
1.069999999999999979e-01 3.426828938944173064e-01
1.079999999999999988e-01 3.426565849351234094e-01
1.089999999999999997e-01 3.426302508108701184e-01
1.100000000000000006e-01 3.426038915051686229e-01
1.110000000000000014e-01 3.425775070015448232e-01
1.120000000000000023e-01 3.425510972835386081e-01
1.130000000000000032e-01 3.425246623347047992e-01
1.140000000000000041e-01 3.424982021386123732e-01
1.150000000000000050e-01 3.424717166788451839e-01
1.160000000000000059e-01 3.424452059390014069e-01
1.170000000000000068e-01 3.424186699026943725e-01
1.179999999999999938e-01 3.423921085535518993e-01
1.189999999999999947e-01 3.423655218752170160e-01
1.199999999999999956e-01 3.423389098513476836e-01
1.209999999999999964e-01 3.423122724656167959e-01
1.219999999999999973e-01 3.422856097017124011e-01
1.229999999999999982e-01 3.422589215433379795e-01
1.239999999999999991e-01 3.422322079742119993e-01
1.250000000000000000e-01 3.422054689780686942e-01
1.260000000000000009e-01 3.421787045386573967e-01
1.270000000000000018e-01 3.421519146397432043e-01
1.280000000000000027e-01 3.421250992651065914e-01
1.290000000000000036e-01 3.420982583985440750e-01
1.300000000000000044e-01 3.420713920238674932e-01
1.310000000000000053e-01 3.420445001249050043e-01
1.320000000000000062e-01 3.420175826855003098e-01
1.330000000000000071e-01 3.419906396895132095e-01
1.340000000000000080e-01 3.419636711208198232e-01
1.350000000000000089e-01 3.419366769633119807e-01
1.360000000000000098e-01 3.419096572008982760e-01
1.370000000000000107e-01 3.418826118175031792e-01
1.380000000000000115e-01 3.418555407970677029e-01
1.390000000000000124e-01 3.418284441235492910e-01
1.400000000000000133e-01 3.418013217809222071e-01
1.409999999999999865e-01 3.417741737531769797e-01
1.419999999999999873e-01 3.417470000243209016e-01
1.429999999999999882e-01 3.417198005783784187e-01
1.439999999999999891e-01 3.416925753993902970e-01
1.449999999999999900e-01 3.416653244714145110e-01
1.459999999999999909e-01 3.416380477785262992e-01
1.469999999999999918e-01 3.416107453048176090e-01
1.479999999999999927e-01 3.415834170343978182e-01
1.489999999999999936e-01 3.415560629513932911e-01
1.499999999999999944e-01 3.415286830399481000e-01
1.509999999999999953e-01 3.415012772842235811e-01
1.519999999999999962e-01 3.414738456683983903e-01
1.529999999999999971e-01 3.414463881766690023e-01
1.539999999999999980e-01 3.414189047932496002e-01
1.549999999999999989e-01 3.413913955023716862e-01
1.559999999999999998e-01 3.413638602882851925e-01
1.570000000000000007e-01 3.413362991352573150e-01
1.580000000000000016e-01 3.413087120275739017e-01
1.590000000000000024e-01 3.412810989495381753e-01
1.600000000000000033e-01 3.412534598854721768e-01
1.610000000000000042e-01 3.412257948197153778e-01
1.620000000000000051e-01 3.411981037366264013e-01
1.630000000000000060e-01 3.411703866205816893e-01
1.640000000000000069e-01 3.411426434559762799e-01
1.650000000000000078e-01 3.411148742272238077e-01
1.660000000000000087e-01 3.410870789187566143e-01
1.670000000000000095e-01 3.410592575150253047e-01
1.680000000000000104e-01 3.410314100005000237e-01
1.690000000000000113e-01 3.410035363596691238e-01
1.700000000000000122e-01 3.409756365770399977e-01
1.710000000000000131e-01 3.409477106371394117e-01
1.719999999999999862e-01 3.409197585245130058e-01
1.729999999999999871e-01 3.408917802237256822e-01
1.739999999999999880e-01 3.408637757193613838e-01
1.749999999999999889e-01 3.408357449960238150e-01
1.759999999999999898e-01 3.408076880383357210e-01
1.769999999999999907e-01 3.407796048309394976e-01
1.779999999999999916e-01 3.407514953584974138e-01
1.789999999999999925e-01 3.407233596056910008e-01
1.799999999999999933e-01 3.406951975572217739e-01
1.809999999999999942e-01 3.406670091978110104e-01
1.819999999999999951e-01 3.406387945121999161e-01
1.829999999999999960e-01 3.406105534851497918e-01
1.839999999999999969e-01 3.405822861014419778e-01
1.849999999999999978e-01 3.405539923458779095e-01
1.859999999999999987e-01 3.405256722032792838e-01
1.869999999999999996e-01 3.404973256584883923e-01
1.880000000000000004e-01 3.404689526963675106e-01
1.890000000000000013e-01 3.404405533017996754e-01
1.900000000000000022e-01 3.404121274596884072e-01
1.910000000000000031e-01 3.403836751549580986e-01
1.920000000000000040e-01 3.403551963725536811e-01
1.930000000000000049e-01 3.403266910974409032e-01
1.940000000000000058e-01 3.402981593146064965e-01
1.950000000000000067e-01 3.402696010090581757e-01
1.960000000000000075e-01 3.402410161658246945e-01
1.970000000000000084e-01 3.402124047699561227e-01
1.980000000000000093e-01 3.401837668065234022e-01
1.990000000000000102e-01 3.401551022606191799e-01
2.000000000000000111e-01 3.401264111173573079e-01
2.010000000000000120e-01 3.400976933618732878e-01
2.020000000000000129e-01 3.400689489793238818e-01
2.030000000000000138e-01 3.400401779548878900e-01
2.039999999999999869e-01 3.400113802737655955e-01
2.049999999999999878e-01 3.399825559211793191e-01
2.059999999999999887e-01 3.399537048823729202e-01
2.069999999999999896e-01 3.399248271426125734e-01
2.079999999999999905e-01 3.398959226871863804e-01
2.089999999999999913e-01 3.398669915014047027e-01
2.099999999999999922e-01 3.398380335705999955e-01
2.109999999999999931e-01 3.398090488801270848e-01
2.119999999999999940e-01 3.397800374153633896e-01
2.129999999999999949e-01 3.397509991617084779e-01
2.139999999999999958e-01 3.397219341045846774e-01
2.149999999999999967e-01 3.396928422294370198e-01
2.159999999999999976e-01 3.396637235217330741e-01
2.169999999999999984e-01 3.396345779669635023e-01
2.179999999999999993e-01 3.396054055506417257e-01
2.190000000000000002e-01 3.395762062583040919e-01
2.200000000000000011e-01 3.395469800755100964e-01
2.210000000000000020e-01 3.395177269878423831e-01
2.220000000000000029e-01 3.394884469809069105e-01
2.230000000000000038e-01 3.394591400403326742e-01
2.240000000000000047e-01 3.394298061517727061e-01
2.250000000000000056e-01 3.394004453009027977e-01
2.260000000000000064e-01 3.393710574734226104e-01
2.270000000000000073e-01 3.393416426550556197e-01
2.280000000000000082e-01 3.393122008315488936e-01
2.290000000000000091e-01 3.392827319886733139e-01
2.300000000000000100e-01 3.392532361122237994e-01
2.310000000000000109e-01 3.392237131880190271e-01
2.320000000000000118e-01 3.391941632019020991e-01
2.330000000000000127e-01 3.391645861397400985e-01
2.340000000000000135e-01 3.391349819874240890e-01
2.349999999999999867e-01 3.391053507308700032e-01
2.359999999999999876e-01 3.390756923560179215e-01
2.369999999999999885e-01 3.390460068488321821e-01
2.379999999999999893e-01 3.390162941953023812e-01
2.389999999999999902e-01 3.389865543814419846e-01
2.399999999999999911e-01 3.389567873932897157e-01
2.409999999999999920e-01 3.389269932169091115e-01
2.419999999999999929e-01 3.388971718383885778e-01
2.429999999999999938e-01 3.388673232438415006e-01
2.439999999999999947e-01 3.388374474194060793e-01
2.449999999999999956e-01 3.388075443512464924e-01
2.459999999999999964e-01 3.387776140255511770e-01
2.469999999999999973e-01 3.387476564285347158e-01
2.479999999999999982e-01 3.387176715464367827e-01
2.489999999999999991e-01 3.386876593655225864e-01
2.500000000000000000e-01 3.386576198720830932e-01
2.510000000000000009e-01 3.386275530524345823e-01
2.520000000000000018e-01 3.385974588929195894e-01
2.530000000000000027e-01 3.385673373799062968e-01
2.540000000000000036e-01 3.385371884997888103e-01
2.550000000000000044e-01 3.385070122389872149e-01
2.560000000000000053e-01 3.384768085839477969e-01
2.570000000000000062e-01 3.384465775211429883e-01
2.580000000000000071e-01 3.384163190370717000e-01
2.590000000000000080e-01 3.383860331182589887e-01
2.600000000000000089e-01 3.383557197512565007e-01
2.610000000000000098e-01 3.383253789226420838e-01
2.620000000000000107e-01 3.382950106190208972e-01
2.630000000000000115e-01 3.382646148270240793e-01
2.640000000000000124e-01 3.382341915333101912e-01
2.650000000000000133e-01 3.382037407245641059e-01
2.660000000000000142e-01 3.381732623874980082e-01
2.670000000000000151e-01 3.381427565088512832e-01
2.680000000000000160e-01 3.381122230753900171e-01
2.690000000000000169e-01 3.380816620739077738e-01
2.700000000000000178e-01 3.380510734912254844e-01
2.710000000000000187e-01 3.380204573141912805e-01
2.720000000000000195e-01 3.379898135296809936e-01
2.730000000000000204e-01 3.379591421245978222e-01
2.740000000000000213e-01 3.379284430858727206e-01
2.750000000000000222e-01 3.378977164004643985e-01
2.760000000000000231e-01 3.378669620553592101e-01
2.770000000000000240e-01 3.378361800375717094e-01
2.780000000000000249e-01 3.378053703341444836e-01
2.790000000000000258e-01 3.377745329321475976e-01
2.800000000000000266e-01 3.377436678186798158e-01
2.810000000000000275e-01 3.377127749808682133e-01
2.819999999999999729e-01 3.376818544058678984e-01
2.829999999999999738e-01 3.376509060808624008e-01
2.839999999999999747e-01 3.376199299930641162e-01
2.849999999999999756e-01 3.375889261297135846e-01
2.859999999999999765e-01 3.375578944780802115e-01
2.869999999999999774e-01 3.375268350254624905e-01
2.879999999999999782e-01 3.374957477591870036e-01
2.889999999999999791e-01 3.374646326666100871e-01
2.899999999999999800e-01 3.374334897351166096e-01
2.909999999999999809e-01 3.374023189521206945e-01
2.919999999999999818e-01 3.373711203050654972e-01
2.929999999999999827e-01 3.373398937814235943e-01
2.939999999999999836e-01 3.373084009230220004e-01
2.949999999999999845e-01 3.372773507536518944e-01
2.959999999999999853e-01 3.372458075488617979e-01
2.969999999999999862e-01 3.372147023392235154e-01
2.979999999999999871e-01 3.371831025875646204e-01
2.989999999999999880e-01 3.371519421727969812e-01
2.999999999999999889e-01 3.371202858213225850e-01
3.009999999999999898e-01 3.370890701525510735e-01
3.019999999999999907e-01 3.370573571516446987e-01
3.029999999999999916e-01 3.370258463302390761e-01
3.039999999999999925e-01 3.369943118923103831e-01
3.049999999999999933e-01 3.369627495136769957e-01
3.059999999999999942e-01 3.369311590997838834e-01
3.069999999999999951e-01 3.368995406369472145e-01
3.079999999999999960e-01 3.368678941130600069e-01
3.089999999999999969e-01 3.368362195160755079e-01
3.099999999999999978e-01 3.368045168339783846e-01
3.109999999999999987e-01 3.367727860547841123e-01
3.119999999999999996e-01 3.367410271665389754e-01
3.130000000000000004e-01 3.367092401573206217e-01
3.140000000000000013e-01 3.366774250152370085e-01
3.150000000000000022e-01 3.366455817284281227e-01
3.160000000000000031e-01 3.366137102850644824e-01
3.170000000000000040e-01 3.365818106733484139e-01
3.180000000000000049e-01 3.365498828815136068e-01
3.190000000000000058e-01 3.365179268978250038e-01
3.200000000000000067e-01 3.364859427105792999e-01
3.210000000000000075e-01 3.364539303081047761e-01
3.220000000000000084e-01 3.364218896787617985e-01
3.230000000000000093e-01 3.363898208109422083e-01
3.240000000000000102e-01 3.363577236930698766e-01
3.250000000000000111e-01 3.363255983136007043e-01
3.260000000000000120e-01 3.362934446610227890e-01
3.270000000000000129e-01 3.362612627238562024e-01
3.280000000000000138e-01 3.362290524906536016e-01
3.290000000000000147e-01 3.361968139499997843e-01
3.300000000000000155e-01 3.361645470905118005e-01
3.310000000000000164e-01 3.361322519008397847e-01
3.320000000000000173e-01 3.360999283696660123e-01
3.330000000000000182e-01 3.360675764857056769e-01
3.340000000000000191e-01 3.360351962377065016e-01
3.350000000000000200e-01 3.360027876144495163e-01
3.360000000000000209e-01 3.359703506047483912e-01
3.370000000000000218e-01 3.359378851974497149e-01
3.380000000000000226e-01 3.359053913814336045e-01
3.390000000000000235e-01 3.358728691456129845e-01
3.400000000000000244e-01 3.358403184789344187e-01
3.410000000000000253e-01 3.358077393703777225e-01
3.420000000000000262e-01 3.357751318089557957e-01
3.430000000000000271e-01 3.357424957837158996e-01
3.439999999999999725e-01 3.357098312837382137e-01
3.449999999999999734e-01 3.356771382981368901e-01
3.459999999999999742e-01 3.356444168160599983e-01
3.469999999999999751e-01 3.356116668266891923e-01
3.479999999999999760e-01 3.355788883192404870e-01
3.489999999999999769e-01 3.355460812829638151e-01
3.499999999999999778e-01 3.355132457071428043e-01
3.509999999999999787e-01 3.354803815810961098e-01
3.519999999999999796e-01 3.354474888941761934e-01
3.529999999999999805e-01 3.354145676357698780e-01
3.539999999999999813e-01 3.353816177952987920e-01
3.549999999999999822e-01 3.353486393622187034e-01
3.559999999999999831e-01 3.353156323260204075e-01
3.569999999999999840e-01 3.352825966762293941e-01
3.579999999999999849e-01 3.352495324024056256e-01
3.589999999999999858e-01 3.352164394941444248e-01
3.599999999999999867e-01 3.351833179410756980e-01
3.609999999999999876e-01 3.351501677328648787e-01
3.619999999999999885e-01 3.351169888592119839e-01
3.629999999999999893e-01 3.350837813098530016e-01
3.639999999999999902e-01 3.350505450745583924e-01
3.649999999999999911e-01 3.350172801431345881e-01
3.659999999999999920e-01 3.349839865054236032e-01
3.669999999999999929e-01 3.349506641513024796e-01
3.679999999999999938e-01 3.349173130706843970e-01
3.689999999999999947e-01 3.348839332535181734e-01
3.699999999999999956e-01 3.348505246897883758e-01
3.709999999999999964e-01 3.348170873695154870e-01
3.719999999999999973e-01 3.347836212827560165e-01
3.729999999999999982e-01 3.347501264196026116e-01
3.739999999999999991e-01 3.347166027701840019e-01
3.750000000000000000e-01 3.346830503246651101e-01
3.760000000000000009e-01 3.346494690732472743e-01
3.770000000000000018e-01 3.346158590061683036e-01
3.780000000000000027e-01 3.345822201137024221e-01
3.790000000000000036e-01 3.345485523861603805e-01
3.800000000000000044e-01 3.345148558138896777e-01
3.810000000000000053e-01 3.344811303872746167e-01
3.820000000000000062e-01 3.344473760967360820e-01
3.830000000000000071e-01 3.344135929327323176e-01
3.840000000000000080e-01 3.343797808857579823e-01
3.850000000000000089e-01 3.343459399463453163e-01
3.860000000000000098e-01 3.343120701050634191e-01
3.870000000000000107e-01 3.342781713525186937e-01
3.880000000000000115e-01 3.342442436793551797e-01
3.890000000000000124e-01 3.342102870762537759e-01
3.900000000000000133e-01 3.341763015339331844e-01
3.910000000000000142e-01 3.341422870431497993e-01
3.920000000000000151e-01 3.341082435946974849e-01
3.930000000000000160e-01 3.340741711794076862e-01
3.940000000000000169e-01 3.340400697881500958e-01
3.950000000000000178e-01 3.340059394118320979e-01
3.960000000000000187e-01 3.339717800413989912e-01
3.970000000000000195e-01 3.339375916678340994e-01
3.980000000000000204e-01 3.339033742821592154e-01
3.990000000000000213e-01 3.338691278754339908e-01
4.000000000000000222e-01 3.338348524387564908e-01
4.010000000000000231e-01 3.338005479632635275e-01
4.020000000000000240e-01 3.337662144401298825e-01
4.030000000000000249e-01 3.337318518605690842e-01
4.040000000000000258e-01 3.336974602158335745e-01
4.050000000000000266e-01 3.336630394972140978e-01
4.060000000000000275e-01 3.336285896960404784e-01
4.069999999999999729e-01 3.335941108036811764e-01
4.079999999999999738e-01 3.335596028115438982e-01
4.089999999999999747e-01 3.335250657110753747e-01
4.099999999999999756e-01 3.334904994937613054e-01
4.109999999999999765e-01 3.334559041511265809e-01
4.119999999999999774e-01 3.334212796747356156e-01
4.129999999999999782e-01 3.333866260561920147e-01
4.139999999999999791e-01 3.333519432871387966e-01
4.149999999999999800e-01 3.333172313592587810e-01
4.159999999999999809e-01 3.332824902642742004e-01
4.169999999999999818e-01 3.332477199939467005e-01
4.179999999999999827e-01 3.332129205400785055e-01
4.189999999999999836e-01 3.331780918945108083e-01
4.199999999999999845e-01 3.331432340491252142e-01
4.209999999999999853e-01 3.331083469958435184e-01
4.219999999999999862e-01 3.330734307266269845e-01
4.229999999999999871e-01 3.330384852334776769e-01
4.239999999999999880e-01 3.330035105084376834e-01
4.249999999999999889e-01 3.329685065435892821e-01
4.259999999999999898e-01 3.329334733310554961e-01
4.269999999999999907e-01 3.328984108629994831e-01
4.279999999999999916e-01 3.328633191316252016e-01
4.289999999999999925e-01 3.328281981291772995e-01
4.299999999999999933e-01 3.327930478479411147e-01
4.309999999999999942e-01 3.327578682802426746e-01
4.319999999999999951e-01 3.327226594184489739e-01
4.329999999999999960e-01 3.326874212549680854e-01
4.339999999999999969e-01 3.326521537822491048e-01
4.349999999999999978e-01 3.326168569927819840e-01
4.359999999999999987e-01 3.325815308790984193e-01
4.369999999999999996e-01 3.325461754337707965e-01
4.380000000000000004e-01 3.325107906494134125e-01
4.390000000000000013e-01 3.324753765186816978e-01
4.400000000000000022e-01 3.324399330342726055e-01
4.410000000000000031e-01 3.324044601889247774e-01
4.420000000000000040e-01 3.323689579754185996e-01
4.430000000000000049e-01 3.323334263865759808e-01
4.440000000000000058e-01 3.322978654152610734e-01
4.450000000000000067e-01 3.322622750543796077e-01
4.460000000000000075e-01 3.322266552968792808e-01
4.470000000000000084e-01 3.321910061357500887e-01
4.480000000000000093e-01 3.321553275640239944e-01
4.490000000000000102e-01 3.321196195747754820e-01
4.500000000000000111e-01 3.320838821611208913e-01
4.510000000000000120e-01 3.320481153162191945e-01
4.520000000000000129e-01 3.320123190332721075e-01
4.530000000000000138e-01 3.319764933055232015e-01
4.540000000000000147e-01 3.319406381262591799e-01
4.550000000000000155e-01 3.319047534888093232e-01
4.560000000000000164e-01 3.318688393865455999e-01
4.570000000000000173e-01 3.318328958128829997e-01
4.580000000000000182e-01 3.317969227612790895e-01
4.590000000000000191e-01 3.317609202252350120e-01
4.600000000000000200e-01 3.317248881982942099e-01
4.610000000000000209e-01 3.316888266740438129e-01
4.620000000000000218e-01 3.316527356461141940e-01
4.630000000000000226e-01 3.316166151081786917e-01
4.640000000000000235e-01 3.315804650539543874e-01
4.650000000000000244e-01 3.315442854772014947e-01
4.660000000000000253e-01 3.315080763717239143e-01
4.670000000000000262e-01 3.314718377313691788e-01
4.680000000000000271e-01 3.314355695500283971e-01
4.689999999999999725e-01 3.313992718216364763e-01
4.699999999999999734e-01 3.313629445401721774e-01
4.709999999999999742e-01 3.313265876996581150e-01
4.719999999999999751e-01 3.312902012941609797e-01
4.729999999999999760e-01 3.312537853177914826e-01
4.739999999999999769e-01 3.312173397647041884e-01
4.749999999999999778e-01 3.311808646290982927e-01
4.759999999999999787e-01 3.311443599052170117e-01
4.769999999999999796e-01 3.311078255873480813e-01
4.779999999999999805e-01 3.310712616698234245e-01
4.789999999999999813e-01 3.310346681470195951e-01
4.799999999999999822e-01 3.309980450133577778e-01
4.809999999999999831e-01 3.309613922633035110e-01
4.819999999999999840e-01 3.309247098913677965e-01
4.829999999999999849e-01 3.308879978921052123e-01
4.839999999999999858e-01 3.308512562601165219e-01
4.849999999999999867e-01 3.308144849900462869e-01
4.859999999999999876e-01 3.307776840765849768e-01
4.869999999999999885e-01 3.307408535144676920e-01
4.879999999999999893e-01 3.307039932984744968e-01
4.889999999999999902e-01 3.306671034234311968e-01
4.899999999999999911e-01 3.306301838842085061e-01
4.909999999999999920e-01 3.305932346757228801e-01
4.919999999999999929e-01 3.305562557929356826e-01
4.929999999999999938e-01 3.305192472308542961e-01
4.939999999999999947e-01 3.304822089845314004e-01
4.949999999999999956e-01 3.304451410490655272e-01
4.959999999999999964e-01 3.304080434196007277e-01
4.969999999999999973e-01 3.303709160913270160e-01
4.979999999999999982e-01 3.303337590594802031e-01
4.989999999999999991e-01 3.302965723193422853e-01
5.000000000000000000e-01 3.302593558662407780e-01
5.010000000000000009e-01 3.302221096955497148e-01
5.020000000000000018e-01 3.301848338026892038e-01
5.030000000000000027e-01 3.301475281831254827e-01
5.040000000000000036e-01 3.301101928323710855e-01
5.050000000000000044e-01 3.300728277459848981e-01
5.060000000000000053e-01 3.300354329195724912e-01
5.070000000000000062e-01 3.299980083487856763e-01
5.080000000000000071e-01 3.299605540293227834e-01
5.090000000000000080e-01 3.299230699569292158e-01
5.100000000000000089e-01 3.298855561273963954e-01
5.110000000000000098e-01 3.298480125365633175e-01
5.120000000000000107e-01 3.298104391803153845e-01
5.130000000000000115e-01 3.297728360545849058e-01
5.140000000000000124e-01 3.297352031553512086e-01
5.150000000000000133e-01 3.296975404786409158e-01
5.160000000000000142e-01 3.296598480205275017e-01
5.170000000000000151e-01 3.296221257771319024e-01
5.180000000000000160e-01 3.295843737446219057e-01
5.190000000000000169e-01 3.295465919192130944e-01
5.200000000000000178e-01 3.295087802971681801e-01
5.210000000000000187e-01 3.294709388747973922e-01
5.220000000000000195e-01 3.294330676484585885e-01
5.230000000000000204e-01 3.293951666145569779e-01
5.240000000000000213e-01 3.293572357695458974e-01
5.250000000000000222e-01 3.293192751099259796e-01
5.260000000000000231e-01 3.292812846322458742e-01
5.270000000000000240e-01 3.292432643331020259e-01
5.280000000000000249e-01 3.292052142091387856e-01
5.290000000000000258e-01 3.291671342570487990e-01
5.300000000000000266e-01 3.291290244735722847e-01
5.310000000000000275e-01 3.290908848554980892e-01
5.320000000000000284e-01 3.290527153996627985e-01
5.330000000000000293e-01 3.290145161029517928e-01
5.340000000000000302e-01 3.289762869622983033e-01
5.350000000000000311e-01 3.289380279746840219e-01
5.360000000000000320e-01 3.288997391371396017e-01
5.370000000000000329e-01 3.288614204467436020e-01
5.380000000000000338e-01 3.288230719006234870e-01
5.390000000000000346e-01 3.287846934959552936e-01
5.400000000000000355e-01 3.287462852299637972e-01
5.410000000000000364e-01 3.287078470999226787e-01
5.420000000000000373e-01 3.286693791031541911e-01
5.430000000000000382e-01 3.286308812370298260e-01
5.440000000000000391e-01 3.285923534989697026e-01
5.450000000000000400e-01 3.285537958864432895e-01
5.460000000000000409e-01 3.285152083969691272e-01
5.470000000000000417e-01 3.284765910281146062e-01
5.480000000000000426e-01 3.284379437774967991e-01
5.490000000000000435e-01 3.283992666427815732e-01
5.500000000000000444e-01 3.283605596216847000e-01
5.510000000000000453e-01 3.283218227119709121e-01
5.520000000000000462e-01 3.282830559114546798e-01
5.530000000000000471e-01 3.282442592179998786e-01
5.540000000000000480e-01 3.282054326295201219e-01
5.550000000000000488e-01 3.281665761439783724e-01
5.560000000000000497e-01 3.281276897593878861e-01
5.570000000000000506e-01 3.280887734738111017e-01
5.580000000000000515e-01 3.280498272853606956e-01
5.590000000000000524e-01 3.280108511921990821e-01
5.600000000000000533e-01 3.279718451925386913e-01
5.610000000000000542e-01 3.279328092846420795e-01
5.620000000000000551e-01 3.278937434668215967e-01
5.629999999999999449e-01 3.278546477374402190e-01
5.639999999999999458e-01 3.278155220949104942e-01
5.649999999999999467e-01 3.277763665376958735e-01
5.659999999999999476e-01 3.277371810643098238e-01
5.669999999999999485e-01 3.276979656733161050e-01
5.679999999999999494e-01 3.276587203633291034e-01
5.689999999999999503e-01 3.276194451330137203e-01
5.699999999999999512e-01 3.275801399810854275e-01
5.709999999999999520e-01 3.275408049063099902e-01
5.719999999999999529e-01 3.275014399075044103e-01
5.729999999999999538e-01 3.274620449835359826e-01
5.739999999999999547e-01 3.274226201333229058e-01
5.749999999999999556e-01 3.273831653558345045e-01
5.759999999999999565e-01 3.273436806500905072e-01
5.769999999999999574e-01 3.273041660151619903e-01
5.779999999999999583e-01 3.272646214501709894e-01
5.789999999999999591e-01 3.272250469542906104e-01
5.799999999999999600e-01 3.271854425267450850e-01
5.809999999999999609e-01 3.271458081668097151e-01
5.819999999999999618e-01 3.271061438738112059e-01
5.829999999999999627e-01 3.270664496471276106e-01
5.839999999999999636e-01 3.270267254861882189e-01
5.849999999999999645e-01 3.269869713904737796e-01
5.859999999999999654e-01 3.269471873595166111e-01
5.869999999999999662e-01 3.269073733929002135e-01
5.879999999999999671e-01 3.268675294902603223e-01
5.889999999999999680e-01 3.268276556512836883e-01
5.899999999999999689e-01 3.267877518757089095e-01
5.909999999999999698e-01 3.267478181633264867e-01
5.919999999999999707e-01 3.267078545139787127e-01
5.929999999999999716e-01 3.266678609275596168e-01
5.939999999999999725e-01 3.266278374040151866e-01
5.949999999999999734e-01 3.265877839433433127e-01
5.959999999999999742e-01 3.265477005455941772e-01
5.969999999999999751e-01 3.265075872108694766e-01
5.979999999999999760e-01 3.264674439393235872e-01
5.989999999999999769e-01 3.264272707311627886e-01
5.999999999999999778e-01 3.263870675866455962e-01
6.009999999999999787e-01 3.263468345060828724e-01
6.019999999999999796e-01 3.263065714898377156e-01
6.029999999999999805e-01 3.262662785383257935e-01
6.039999999999999813e-01 3.262259556520150094e-01
6.049999999999999822e-01 3.261856028314257805e-01
6.059999999999999831e-01 3.261452200771309817e-01
6.069999999999999840e-01 3.261048073897563904e-01
6.079999999999999849e-01 3.260643647699802972e-01
6.089999999999999858e-01 3.260238922185332844e-01
6.099999999999999867e-01 3.259833897361991140e-01
6.109999999999999876e-01 3.259428573238142834e-01
6.119999999999999885e-01 3.259022949822680815e-01
6.129999999999999893e-01 3.258617027125023102e-01
6.139999999999999902e-01 3.258210805155123957e-01
6.149999999999999911e-01 3.257804283923462774e-01
6.159999999999999920e-01 3.257397463441050744e-01
6.169999999999999929e-01 3.256990343719426972e-01
6.179999999999999938e-01 3.256582924770667908e-01
6.189999999999999947e-01 3.256175206607376804e-01
6.199999999999999956e-01 3.255767189242689819e-01
6.209999999999999964e-01 3.255358872690277128e-01
6.219999999999999973e-01 3.254950256964341260e-01
6.229999999999999982e-01 3.254541342079618760e-01
6.239999999999999991e-01 3.254132128051380746e-01
6.250000000000000000e-01 3.253722614895431242e-01
6.260000000000000009e-01 3.253312802628111067e-01
6.270000000000000018e-01 3.252902691266296165e-01
6.280000000000000027e-01 3.252492280827398163e-01
6.290000000000000036e-01 3.252081571329363818e-01
6.300000000000000044e-01 3.251670562790678898e-01
6.310000000000000053e-01 3.251259255230365963e-01
6.320000000000000062e-01 3.250847648667984924e-01
6.330000000000000071e-01 3.250435743123633037e-01
6.340000000000000080e-01 3.250023538617948793e-01
6.350000000000000089e-01 3.249611035172106921e-01
6.360000000000000098e-01 3.249198232807823938e-01
6.370000000000000107e-01 3.248785131547354821e-01
6.380000000000000115e-01 3.248371731413495223e-01
6.390000000000000124e-01 3.247958032429582031e-01
6.400000000000000133e-01 3.247544034619493925e-01
6.410000000000000142e-01 3.247129738007649147e-01
6.420000000000000151e-01 3.246715142619012173e-01
6.430000000000000160e-01 3.246300248479084827e-01
6.440000000000000169e-01 3.245885055613916270e-01
6.450000000000000178e-01 3.245469564050095790e-01
6.460000000000000187e-01 3.245053773814758902e-01
6.470000000000000195e-01 3.244637684935584021e-01
6.480000000000000204e-01 3.244221297440794127e-01
6.490000000000000213e-01 3.243804611359158985e-01
6.500000000000000222e-01 3.243387626719991812e-01
6.510000000000000231e-01 3.242970343553150947e-01
6.520000000000000240e-01 3.242552761889043178e-01
6.530000000000000249e-01 3.242134881758620968e-01
6.540000000000000258e-01 3.241716703193384119e-01
6.550000000000000266e-01 3.241298226225379775e-01
6.560000000000000275e-01 3.240879450887200752e-01
6.570000000000000284e-01 3.240460377211992204e-01
6.580000000000000293e-01 3.240041005233443849e-01
6.590000000000000302e-01 3.239621334985797740e-01
6.600000000000000311e-01 3.239201366503842161e-01
6.610000000000000320e-01 3.238781099822916065e-01
6.620000000000000329e-01 3.238360534978910743e-01
6.630000000000000338e-01 3.237939672008264824e-01
6.640000000000000346e-01 3.237518510947970940e-01
6.650000000000000355e-01 3.237097051835567951e-01
6.660000000000000364e-01 3.236675294709149830e-01
6.670000000000000373e-01 3.236253239607363996e-01
6.680000000000000382e-01 3.235830886569406872e-01
6.690000000000000391e-01 3.235408235635028884e-01
6.700000000000000400e-01 3.234985286844532792e-01
6.710000000000000409e-01 3.234562040238774805e-01
6.720000000000000417e-01 3.234138495859165130e-01
6.730000000000000426e-01 3.233714653747669088e-01
6.740000000000000435e-01 3.233290513946803779e-01
6.750000000000000444e-01 3.232866076499641972e-01
6.760000000000000453e-01 3.232441341449813765e-01
6.770000000000000462e-01 3.232016308841501040e-01
6.780000000000000471e-01 3.231590978719444118e-01
6.790000000000000480e-01 3.231165351128936769e-01
6.800000000000000488e-01 3.230739426115832869e-01
6.810000000000000497e-01 3.230313203726536964e-01
6.820000000000000506e-01 3.229886684008018150e-01
6.830000000000000515e-01 3.229459867007797857e-01
6.840000000000000524e-01 3.229032752773953741e-01
6.850000000000000533e-01 3.228605341355125780e-01
6.860000000000000542e-01 3.228177632800511843e-01
6.870000000000000551e-01 3.227749627159863799e-01
6.879999999999999449e-01 3.227321324483498066e-01
6.889999999999999458e-01 3.226892724822283953e-01
6.899999999999999467e-01 3.226463828227655872e-01
6.909999999999999476e-01 3.226034634751606123e-01
6.919999999999999485e-01 3.225605144446686001e-01
6.929999999999999494e-01 3.225175357366008022e-01
6.939999999999999503e-01 3.224745273563244807e-01
6.949999999999999512e-01 3.224314893092630752e-01
6.959999999999999520e-01 3.223884216008960912e-01
6.969999999999999529e-01 3.223453242367591010e-01
6.979999999999999538e-01 3.223021972224439091e-01
6.989999999999999547e-01 3.222590405635987199e-01
6.999999999999999556e-01 3.222158542659275815e-01
7.009999999999999565e-01 3.221726383351911083e-01
7.019999999999999574e-01 3.221293927772059806e-01
7.029999999999999583e-01 3.220861175978453894e-01
7.039999999999999591e-01 3.220428128030388137e-01
7.049999999999999600e-01 3.219994783987717990e-01
7.059999999999999609e-01 3.219561143910866785e-01
7.069999999999999618e-01 3.219127207860820739e-01
7.079999999999999627e-01 3.218692975899128950e-01
7.089999999999999636e-01 3.218258448087906176e-01
7.099999999999999645e-01 3.217823624489831724e-01
7.109999999999999654e-01 3.217388505168151114e-01
7.119999999999999662e-01 3.216953090186673858e-01
7.129999999999999671e-01 3.216517379609774019e-01
7.139999999999999680e-01 3.216081373502395202e-01
7.149999999999999689e-01 3.215645071930042787e-01
7.159999999999999698e-01 3.215208474958790030e-01
7.169999999999999707e-01 3.214771582655278070e-01
7.179999999999999716e-01 3.214334395086713148e-01
7.189999999999999725e-01 3.213896912320868826e-01
7.199999999999999734e-01 3.213459134426083774e-01
7.209999999999999742e-01 3.213021061471267870e-01
7.219999999999999751e-01 3.212582693525896094e-01
7.229999999999999760e-01 3.212144030660010752e-01
7.239999999999999769e-01 3.211705072944222028e-01
7.249999999999999778e-01 3.211265820449710762e-01
7.259999999999999787e-01 3.210826273248224005e-01
7.269999999999999796e-01 3.210386431412077801e-01
7.279999999999999805e-01 3.209946295014156070e-01
7.289999999999999813e-01 3.209505864127912833e-01
7.299999999999999822e-01 3.209065138827369990e-01
7.309999999999999831e-01 3.208624119187120094e-01
7.319999999999999840e-01 3.208182805282324135e-01
7.329999999999999849e-01 3.207741197188713755e-01
7.339999999999999858e-01 3.207299294982589033e-01
7.349999999999999867e-01 3.206857098740820144e-01
7.359999999999999876e-01 3.206414608540849032e-01
7.369999999999999885e-01 3.205971824460686070e-01
7.379999999999999893e-01 3.205528746578912846e-01
7.389999999999999902e-01 3.205085374974681045e-01
7.399999999999999911e-01 3.204641709727714116e-01
7.409999999999999920e-01 3.204197750918306165e-01
7.419999999999999929e-01 3.203753498627323060e-01
7.429999999999999938e-01 3.203308952936197995e-01
7.439999999999999947e-01 3.202864113926940925e-01
7.449999999999999956e-01 3.202418981682130239e-01
7.459999999999999964e-01 3.201973556284916089e-01
7.469999999999999973e-01 3.201527837819019839e-01
7.479999999999999982e-01 3.201081826368740169e-01
7.489999999999999991e-01 3.200635522018938084e-01
7.500000000000000000e-01 3.200188924855055239e-01
7.510000000000000009e-01 3.199742034963101167e-01
7.520000000000000018e-01 3.199294852429661051e-01
7.530000000000000027e-01 3.198847377341887954e-01
7.540000000000000036e-01 3.198399609787510034e-01
7.550000000000000044e-01 3.197951549854832209e-01
7.560000000000000053e-01 3.197503197632723948e-01
7.570000000000000062e-01 3.197054553210634809e-01
7.580000000000000071e-01 3.196605616678585005e-01
7.590000000000000080e-01 3.196156388127167070e-01
7.600000000000000089e-01 3.195706867647545857e-01
7.610000000000000098e-01 3.195257055331462981e-01
7.620000000000000107e-01 3.194806951271230155e-01
7.630000000000000115e-01 3.194356555559735855e-01
7.640000000000000124e-01 3.193905868290439765e-01
7.650000000000000133e-01 3.193454889557374998e-01
7.660000000000000142e-01 3.193003619455150877e-01
7.670000000000000151e-01 3.192552058078947930e-01
7.680000000000000160e-01 3.192100205524521783e-01
7.690000000000000169e-01 3.191648061888202048e-01
7.700000000000000178e-01 3.191195627266892876e-01
7.710000000000000187e-01 3.190742901758070738e-01
7.720000000000000195e-01 3.190289885459788866e-01
7.730000000000000204e-01 3.189836578470672812e-01
7.740000000000000213e-01 3.189382980889923225e-01
7.750000000000000222e-01 3.188929092817314181e-01
7.760000000000000231e-01 3.188474914353194856e-01
7.770000000000000240e-01 3.188020445598490071e-01
7.780000000000000249e-01 3.187565686654695862e-01
7.790000000000000258e-01 3.187110637623886134e-01
7.800000000000000266e-01 3.186655298608707110e-01
7.810000000000000275e-01 3.186199669712381222e-01
7.820000000000000284e-01 3.185743751038703775e-01
7.830000000000000293e-01 3.185287542692046836e-01
7.840000000000000302e-01 3.184831044777354236e-01
7.850000000000000311e-01 3.184374257400147123e-01
7.860000000000000320e-01 3.183917180666521185e-01
7.870000000000000329e-01 3.183459814683143874e-01
7.880000000000000338e-01 3.183002159557261068e-01
7.890000000000000346e-01 3.182544215396690968e-01
7.900000000000000355e-01 3.182085982309827976e-01
7.910000000000000364e-01 3.181627460405639929e-01
7.920000000000000373e-01 3.181168649793669756e-01
7.930000000000000382e-01 3.180709550584036038e-01
7.940000000000000391e-01 3.180250162887430787e-01
7.950000000000000400e-01 3.179790486815121109e-01
7.960000000000000409e-01 3.179330522478949761e-01
7.970000000000000417e-01 3.178870269991332931e-01
7.980000000000000426e-01 3.178409729465260791e-01
7.990000000000000435e-01 3.177948901014300831e-01
8.000000000000000444e-01 3.177487784752592859e-01
8.010000000000000453e-01 3.177026380794851779e-01
8.020000000000000462e-01 3.176564689256368146e-01
8.030000000000000471e-01 3.176102710253003725e-01
8.040000000000000480e-01 3.175640443901199816e-01
8.050000000000000488e-01 3.175177890317967266e-01
8.060000000000000497e-01 3.174715049620894236e-01
8.070000000000000506e-01 3.174251921928141762e-01
8.080000000000000515e-01 3.173788507358447086e-01
8.090000000000000524e-01 3.173324806031118106e-01
8.100000000000000533e-01 3.172860818066041144e-01
8.110000000000000542e-01 3.172396543583674844e-01
8.120000000000000551e-01 3.171931982705049058e-01
8.129999999999999449e-01 3.171467135551772065e-01
8.139999999999999458e-01 3.171002002246022800e-01
8.149999999999999467e-01 3.170536582910556955e-01
8.159999999999999476e-01 3.170070877668701992e-01
8.169999999999999485e-01 3.169604886644358244e-01
8.179999999999999494e-01 3.169138609962001141e-01
8.189999999999999503e-01 3.168672047746680098e-01
8.199999999999999512e-01 3.168205200124016852e-01
8.209999999999999520e-01 3.167738067220204901e-01
8.219999999999999529e-01 3.167270649162015062e-01
8.229999999999999538e-01 3.166802946076788250e-01
8.239999999999999547e-01 3.166334958092437146e-01
8.249999999999999556e-01 3.165866685337452857e-01
8.259999999999999565e-01 3.165398127940892148e-01
8.269999999999999574e-01 3.164929286032390765e-01
8.279999999999999583e-01 3.164460159742152889e-01
8.289999999999999591e-01 3.163990749200957242e-01
8.299999999999999600e-01 3.163521054540153199e-01
8.309999999999999609e-01 3.163051075891664121e-01
8.319999999999999618e-01 3.162580813387984024e-01
8.329999999999999627e-01 3.162110267162180910e-01
8.339999999999999636e-01 3.161639437347892878e-01
8.349999999999999645e-01 3.161168324079329794e-01
8.359999999999999654e-01 3.160696927491273844e-01
8.369999999999999662e-01 3.160225247719076758e-01
8.379999999999999671e-01 3.159753284898664250e-01
8.389999999999999680e-01 3.159281039166531024e-01
8.399999999999999689e-01 3.158808510659744107e-01
8.409999999999999698e-01 3.158335699515941730e-01
8.419999999999999707e-01 3.157862605873328898e-01
8.429999999999999716e-01 3.157389229870687930e-01
8.439999999999999725e-01 3.156915571647364027e-01
8.449999999999999734e-01 3.156441631343279153e-01
8.459999999999999742e-01 3.155967409098919263e-01
8.469999999999999751e-01 3.155492905055344854e-01
8.479999999999999760e-01 3.155018119354183748e-01
8.489999999999999769e-01 3.154543052137634973e-01
8.499999999999999778e-01 3.154067703548462109e-01
8.509999999999999787e-01 3.153592073730004941e-01
8.519999999999999796e-01 3.153116162826167246e-01
8.529999999999999805e-01 3.152639970981421791e-01
8.539999999999999813e-01 3.152163498340811998e-01
8.549999999999999822e-01 3.151686745049949168e-01
8.559999999999999831e-01 3.151209711255009149e-01
8.569999999999999840e-01 3.150732397102740112e-01
8.579999999999999849e-01 3.150254802740455884e-01
8.589999999999999858e-01 3.149776928316038727e-01
8.599999999999999867e-01 3.149298773977937116e-01
8.609999999999999876e-01 3.148820339875166852e-01
8.619999999999999885e-01 3.148341626157311057e-01
8.629999999999999893e-01 3.147862632974517960e-01
8.639999999999999902e-01 3.147383360477504777e-01
8.649999999999999911e-01 3.146903808817553272e-01
8.659999999999999920e-01 3.146423978146509759e-01
8.669999999999999929e-01 3.145943868616790096e-01
8.679999999999999938e-01 3.145463480381370802e-01
8.689999999999999947e-01 3.144982813593795723e-01
8.699999999999999956e-01 3.144501868408176026e-01
8.709999999999999964e-01 3.144020644979184098e-01
8.719999999999999973e-01 3.143539143462057983e-01
8.729999999999999982e-01 3.143057364012599164e-01
8.739999999999999991e-01 3.142575306787175893e-01
8.750000000000000000e-01 3.142092971942715973e-01
8.760000000000000009e-01 3.141610359636712868e-01
8.770000000000000018e-01 3.141127470027222923e-01
8.780000000000000027e-01 3.140644303272867033e-01
8.790000000000000036e-01 3.140160859532825088e-01
8.800000000000000044e-01 3.139677138966840975e-01
8.810000000000000053e-01 3.139193141735222015e-01
8.820000000000000062e-01 3.138708867998836194e-01
8.830000000000000071e-01 3.138224317919109940e-01
8.840000000000000080e-01 3.137739491658035895e-01
8.850000000000000089e-01 3.137254389378166253e-01
8.860000000000000098e-01 3.136769011242608873e-01
8.870000000000000107e-01 3.136283357415040052e-01
8.880000000000000115e-01 3.135797428059687864e-01
8.890000000000000124e-01 3.135311223341347153e-01
8.900000000000000133e-01 3.134824743425367877e-01
8.910000000000000142e-01 3.134337988477658987e-01
8.920000000000000151e-01 3.133850958664690101e-01
8.930000000000000160e-01 3.133363654153488165e-01
8.940000000000000169e-01 3.132876075111639125e-01
8.950000000000000178e-01 3.132388221707284037e-01
8.960000000000000187e-01 3.131900094109124066e-01
8.970000000000000195e-01 3.131411692486417153e-01
8.980000000000000204e-01 3.130923017008976905e-01
8.990000000000000213e-01 3.130434067847174817e-01
9.000000000000000222e-01 3.129944845171935275e-01
9.010000000000000231e-01 3.129455349154742771e-01
9.020000000000000240e-01 3.128965579967634136e-01
9.030000000000000249e-01 3.128475537783201865e-01
9.040000000000000258e-01 3.127985222774593010e-01
9.050000000000000266e-01 3.127494635115510846e-01
9.060000000000000275e-01 3.127003774980210982e-01
9.070000000000000284e-01 3.126512642543501919e-01
9.080000000000000293e-01 3.126021237980745049e-01
9.090000000000000302e-01 3.125529561467857986e-01
9.100000000000000311e-01 3.125037613181307905e-01
9.110000000000000320e-01 3.124545393298114870e-01
9.120000000000000329e-01 3.124052901995850728e-01
9.130000000000000338e-01 3.123560139452637996e-01
9.140000000000000346e-01 3.123067105847150970e-01
9.150000000000000355e-01 3.122573801358614065e-01
9.160000000000000364e-01 3.122080226166802919e-01
9.170000000000000373e-01 3.121586380452042730e-01
9.180000000000000382e-01 3.121092264395207150e-01
9.190000000000000391e-01 3.120597878177717166e-01
9.200000000000000400e-01 3.120103221981547770e-01
9.210000000000000409e-01 3.119608295989216851e-01
9.220000000000000417e-01 3.119113100383792969e-01
9.230000000000000426e-01 3.118617635348890915e-01
9.240000000000000435e-01 3.118121901068672819e-01
9.250000000000000444e-01 3.117625897727847040e-01
9.260000000000000453e-01 3.117129625511668167e-01
9.270000000000000462e-01 3.116633084605938131e-01
9.280000000000000471e-01 3.116136275197000094e-01
9.290000000000000480e-01 3.115639197471746780e-01
9.300000000000000488e-01 3.115141851617613256e-01
9.310000000000000497e-01 3.114644237822575823e-01
9.320000000000000506e-01 3.114146356275159233e-01
9.330000000000000515e-01 3.113648207164428916e-01
9.340000000000000524e-01 3.113149790679993201e-01
9.350000000000000533e-01 3.112651107012001095e-01
9.360000000000000542e-01 3.112152156351146171e-01
9.370000000000000551e-01 3.111652938888659903e-01
9.379999999999999449e-01 3.111153454816319996e-01
9.389999999999999458e-01 3.110653704326438729e-01
9.399999999999999467e-01 3.110153687611870166e-01
9.409999999999999476e-01 3.109653404866010162e-01
9.419999999999999485e-01 3.109152856282790811e-01
9.429999999999999494e-01 3.108652042056683773e-01
9.439999999999999503e-01 3.108150962382696947e-01
9.449999999999999512e-01 3.107649617456380020e-01
9.459999999999999520e-01 3.107148007473816143e-01
9.469999999999999529e-01 3.106646132631625812e-01
9.479999999999999538e-01 3.106143993126965763e-01
9.489999999999999547e-01 3.105641589157527860e-01
9.499999999999999556e-01 3.105138920921541867e-01
9.509999999999999565e-01 3.104635988617767128e-01
9.519999999999999574e-01 3.104132792445500888e-01
9.529999999999999583e-01 3.103629332604573854e-01
9.539999999999999591e-01 3.103125609295347975e-01
9.549999999999999600e-01 3.102621622718719774e-01
9.559999999999999609e-01 3.102117373076115903e-01
9.569999999999999618e-01 3.101612860569495922e-01
9.579999999999999627e-01 3.101108085401350078e-01
9.589999999999999636e-01 3.100603047774699861e-01
9.599999999999999645e-01 3.100097747893095224e-01
9.609999999999999654e-01 3.099592185960616253e-01
9.619999999999999662e-01 3.099086362181872056e-01
9.629999999999999671e-01 3.098580276762001873e-01
9.639999999999999680e-01 3.098073929906670076e-01
9.649999999999999689e-01 3.097567321822068953e-01
9.659999999999999698e-01 3.097060452714919809e-01
9.669999999999999707e-01 3.096553322792467977e-01
9.679999999999999716e-01 3.096045932262483924e-01
9.689999999999999725e-01 3.095538281333264918e-01
9.699999999999999734e-01 3.095030370213633919e-01
9.709999999999999742e-01 3.094522199112934024e-01
9.719999999999999751e-01 3.094013768241036799e-01
9.729999999999999760e-01 3.093505077808332837e-01
9.739999999999999769e-01 3.092996128025736757e-01
9.749999999999999778e-01 3.092486919104683873e-01
9.759999999999999787e-01 3.091977451257131859e-01
9.769999999999999796e-01 3.091467724695559083e-01
9.779999999999999805e-01 3.090957739632964052e-01
9.789999999999999813e-01 3.090447496282863749e-01
9.799999999999999822e-01 3.089936994859293073e-01
9.809999999999999831e-01 3.089426235576809843e-01
9.819999999999999840e-01 3.088915218650484795e-01
9.829999999999999849e-01 3.088403944295908254e-01
9.839999999999999858e-01 3.087892412729186797e-01
9.849999999999999867e-01 3.087380624166942145e-01
9.859999999999999876e-01 3.086868578826311160e-01
9.869999999999999885e-01 3.086356276924948072e-01
9.879999999999999893e-01 3.085843718681018921e-01
9.889999999999999902e-01 3.085330904313203226e-01
9.899999999999999911e-01 3.084817834040692874e-01
9.909999999999999920e-01 3.084304508083197116e-01
9.919999999999999929e-01 3.083790926660929799e-01
9.929999999999999938e-01 3.083277089994619913e-01
9.939999999999999947e-01 3.082762998305507152e-01
9.949999999999999956e-01 3.082248651815338025e-01
9.959999999999999964e-01 3.081734050746373077e-01
9.969999999999999973e-01 3.081219195321375781e-01
9.979999999999999982e-01 3.080704085763623090e-01
9.989999999999999991e-01 3.080188722296895998e-01
1.000000000000000000e+00 3.079673105145480094e-01
1.100000000000000089e+00 3.026871653385623806e-01
1.199999999999999956e+00 2.971786618070543229e-01
1.300000000000000044e+00 2.914714058482641978e-01
1.399999999999999911e+00 2.855974093515556977e-01
1.500000000000000000e+00 2.795907204190818951e-01
1.600000000000000089e+00 2.734877096564565790e-01
1.699999999999999956e+00 2.673233729748811238e-01
1.800000000000000044e+00 2.611319930860593885e-01
1.899999999999999911e+00 2.549458891307003761e-01
2.000000000000000000e+00 2.487947607906650094e-01
2.100000000000000089e+00 2.427052329156793031e-01
2.200000000000000178e+00 2.367005922953412944e-01
2.299999999999999822e+00 2.308006952599319095e-01
2.399999999999999911e+00 2.250220169278137061e-01
2.500000000000000000e+00 2.193778097566969898e-01
2.600000000000000089e+00 2.138783396365558087e-01
2.700000000000000178e+00 2.085311709348122988e-01
2.799999999999999822e+00 2.033414765981537975e-01
2.899999999999999911e+00 1.983118228339837974e-01
3.000000000000000000e+00 1.934444914583199893e-01
3.100000000000000089e+00 1.887388543861678036e-01
3.200000000000000178e+00 1.841935286282468942e-01
3.299999999999999822e+00 1.798056264384174929e-01
3.399999999999999911e+00 1.755728393043302915e-01
3.500000000000000000e+00 1.714907269061980988e-01
3.600000000000000089e+00 1.675555295409142109e-01
3.700000000000000178e+00 1.637624994810953916e-01
3.799999999999999822e+00 1.601066812283153951e-01
3.899999999999999911e+00 1.565834749079514088e-01
4.000000000000000000e+00 1.531878080014315024e-01
4.099999999999999645e+00 1.499147702853445008e-01
4.200000000000000178e+00 1.467593463315068902e-01
4.299999999999999822e+00 1.437169484310938938e-01
4.400000000000000355e+00 1.407828503275168064e-01
4.500000000000000000e+00 1.379516634446285028e-01
4.599999999999999645e+00 1.352207071016512940e-01
4.700000000000000178e+00 1.325833785976752999e-01
4.799999999999999822e+00 1.300376987927649997e-01
4.900000000000000355e+00 1.275796162975895987e-01
5.000000000000000000e+00 1.252027199157237092e-01
5.099999999999999645e+00 1.229071947890866962e-01
5.200000000000000178e+00 1.206869166038565949e-01
5.299999999999999822e+00 1.185377786980399972e-01
5.400000000000000355e+00 1.164594108162849001e-01
5.500000000000000000e+00 1.144476903031363957e-01
5.599999999999999645e+00 1.125018562271835054e-01
5.700000000000000178e+00 1.106148226122623951e-01
5.799999999999999822e+00 1.087862684015884068e-01
5.900000000000000355e+00 1.070136810657779936e-01
6.000000000000000000e+00 1.052947238767010935e-01
6.099999999999999645e+00 1.036270958956719973e-01
6.200000000000000178e+00 1.020088366431308041e-01
6.299999999999999822e+00 1.004377779558481010e-01
6.400000000000000355e+00 9.891208522913830237e-02
6.500000000000000000e+00 9.742993856545910381e-02
6.599999999999999645e+00 9.598952180901179632e-02
6.700000000000000178e+00 9.458935297094070438e-02
6.799999999999999822e+00 9.322769643448050592e-02
6.900000000000000355e+00 9.190322652462719344e-02
7.000000000000000000e+00 9.061434914247949723e-02
7.099999999999999645e+00 8.935979476740689431e-02
7.200000000000000178e+00 8.813827128186360604e-02
7.299999999999999822e+00 8.694854709389540637e-02
7.400000000000000355e+00 8.578944798897400470e-02
7.500000000000000000e+00 8.465985411419610362e-02
7.599999999999999645e+00 8.355869714395580683e-02
7.700000000000000178e+00 8.248485952598480497e-02
7.799999999999999822e+00 8.143755735344100632e-02
7.900000000000000355e+00 8.041567019532920579e-02
8.000000000000000000e+00 7.941849820667340465e-02
8.099999999999999645e+00 7.844499971957159812e-02
8.199999999999999289e+00 7.749455697116310049e-02
8.300000000000000711e+00 7.656619202444729655e-02
8.400000000000000355e+00 7.565926215628139551e-02
8.500000000000000000e+00 7.477305433425840420e-02
8.599999999999999645e+00 7.390698808279899668e-02
8.699999999999999289e+00 7.306020328600550118e-02
8.800000000000000711e+00 7.223217741268689318e-02
8.900000000000000355e+00 7.142230973529070659e-02
9.000000000000000000e+00 7.063002414288339914e-02
9.099999999999999645e+00 6.985476801529109936e-02
9.199999999999999289e+00 6.909601108934039504e-02
9.300000000000000711e+00 6.835324439055029400e-02
9.400000000000000355e+00 6.762586871139769640e-02
9.500000000000000000e+00 6.691363088900280365e-02
9.599999999999999645e+00 6.621597322685750242e-02
9.699999999999999289e+00 6.553246216960760540e-02
9.800000000000000711e+00 6.486268101086109517e-02
9.900000000000000355e+00 6.420611315848440137e-02
1.000000000000000000e+01 6.356259556213060546e-02
1.009999999999999964e+01 6.293164932489160590e-02
1.019999999999999929e+01 6.231280153121369902e-02
1.030000000000000071e+01 6.170592821890710095e-02
1.040000000000000036e+01 6.111059273809130166e-02
1.050000000000000000e+01 6.052635464806180310e-02
1.059999999999999964e+01 5.995313457624820014e-02
1.069999999999999929e+01 5.939041085193320219e-02
1.080000000000000071e+01 5.883811573038719850e-02
1.090000000000000036e+01 5.829587121436340114e-02
1.100000000000000000e+01 5.776327831743029856e-02
1.109999999999999964e+01 5.724032662420470291e-02
1.119999999999999929e+01 5.672651929027180268e-02
1.130000000000000071e+01 5.622186429331899743e-02
1.140000000000000036e+01 5.572587809666090103e-02
1.150000000000000000e+01 5.523847017053339775e-02
1.159999999999999964e+01 5.475952471119410053e-02
1.169999999999999929e+01 5.428860973553110286e-02
1.180000000000000071e+01 5.382574961602269725e-02
1.190000000000000036e+01 5.337051333061069991e-02
1.200000000000000000e+01 5.292295390194450000e-02
1.209999999999999964e+01 5.248263393317229714e-02
1.219999999999999929e+01 5.204951072269060203e-02
1.230000000000000071e+01 5.162352271437600088e-02
1.240000000000000036e+01 5.120426158069509709e-02
1.250000000000000000e+01 5.079169441916749766e-02
1.259999999999999964e+01 5.038577326270810008e-02
1.269999999999999929e+01 4.998610966256090277e-02
1.280000000000000071e+01 4.959268265400430115e-02
1.290000000000000036e+01 4.920545969769669903e-02
1.300000000000000000e+01 4.882406294709539657e-02
1.309999999999999964e+01 4.844848587003430102e-02
1.319999999999999929e+01 4.807871390885679747e-02
1.330000000000000071e+01 4.771436971956159734e-02
1.340000000000000036e+01 4.735546444012819767e-02
1.350000000000000000e+01 4.700187786432259707e-02
1.359999999999999964e+01 4.665360317960629694e-02
1.369999999999999929e+01 4.631029182508430292e-02
1.380000000000000071e+01 4.597196072309050335e-02
1.390000000000000036e+01 4.563850282894620081e-02
1.400000000000000000e+01 4.530992240086160333e-02
1.409999999999999964e+01 4.498588663106729835e-02
1.419999999999999929e+01 4.466642235938320105e-02
1.430000000000000071e+01 4.435143395365279823e-02
1.440000000000000036e+01 4.404082835627270293e-02
1.450000000000000000e+01 4.373461186952699864e-02
1.459999999999999964e+01 4.343248928975090156e-02
1.469999999999999929e+01 4.313448706094240304e-02
1.480000000000000071e+01 4.284052178973189740e-02
1.490000000000000036e+01 4.255061881501309706e-02
1.500000000000000000e+01 4.226447110298769960e-02
1.509999999999999964e+01 4.198212489948340009e-02
1.519999999999999929e+01 4.170350519863039868e-02
1.530000000000000071e+01 4.142853888447049771e-02
1.540000000000000036e+01 4.115715475399549933e-02
1.550000000000000000e+01 4.088937619561609782e-02
1.559999999999999964e+01 4.062493677891400312e-02
1.569999999999999929e+01 4.036387841591230347e-02
1.580000000000000071e+01 4.010613684096289711e-02
1.590000000000000036e+01 3.985164935608959819e-02
1.600000000000000000e+01 3.960035484592119848e-02
