1.000000000000000021e-03 3.070067289842999753e-04
2.000000000000000042e-03 5.844836606875000512e-04
3.000000000000000062e-03 8.813932646117999831e-04
4.000000000000000083e-03 1.178233156995199928e-03
5.000000000000000104e-03 1.474950771250800033e-03
6.000000000000000125e-03 1.771544465410099896e-03
7.000000000000000146e-03 2.068014231557099847e-03
8.000000000000000167e-03 2.364360114173600074e-03
8.999999999999999320e-03 2.660483231407299951e-03
1.000000000000000021e-02 2.956578389898600022e-03
1.099999999999999936e-02 3.252552895952700186e-03
1.200000000000000025e-02 3.548403802961300202e-03
1.299999999999999940e-02 3.844131060641200158e-03
1.400000000000000029e-02 4.139734712114299768e-03
1.499999999999999944e-02 4.435214803515300126e-03
1.600000000000000033e-02 4.730571381078099887e-03
1.700000000000000122e-02 5.025804491042500100e-03
1.799999999999999864e-02 5.320914179650600324e-03
1.899999999999999953e-02 5.615900493147099604e-03
2.000000000000000042e-02 5.910664558437300244e-03
2.100000000000000130e-02 6.205401158341199673e-03
2.199999999999999872e-02 6.500017620499200059e-03
2.299999999999999961e-02 6.794510992610100150e-03
2.400000000000000050e-02 7.088881224025699902e-03
2.500000000000000139e-02 7.383128357875299794e-03
2.599999999999999881e-02 7.677252440318500272e-03
2.699999999999999969e-02 7.971253517615000533e-03
2.800000000000000058e-02 8.265131636029800222e-03
2.900000000000000147e-02 8.558886841829999731e-03
2.999999999999999889e-02 8.852519181284700459e-03
3.099999999999999978e-02 9.145929788122999712e-03
3.200000000000000067e-02 9.439313424957299775e-03
3.300000000000000155e-02 9.732577439136700162e-03
3.400000000000000244e-02 1.002571887254800030e-02
3.500000000000000333e-02 1.031873767416770053e-02
3.599999999999999728e-02 1.061163388712759933e-02
3.699999999999999817e-02 1.090440755760859956e-02
3.799999999999999906e-02 1.119705873189199945e-02
3.899999999999999994e-02 1.148958745626399956e-02
4.000000000000000083e-02 1.178199377701259938e-02
4.100000000000000172e-02 1.207427774042739953e-02
4.200000000000000261e-02 1.236634048514720016e-02
4.299999999999999656e-02 1.265837675726030030e-02
4.399999999999999745e-02 1.295029392216780033e-02
4.499999999999999833e-02 1.324208901582299945e-02
4.599999999999999922e-02 1.353376198681630060e-02
4.700000000000000011e-02 1.382531287827769989e-02
4.800000000000000100e-02 1.411674173640549944e-02
4.900000000000000189e-02 1.440804860749840023e-02
5.000000000000000278e-02 1.469923353786000038e-02
5.099999999999999672e-02 1.499029657379510015e-02
5.199999999999999761e-02 1.528123776161009924e-02
5.299999999999999850e-02 1.557195824290289951e-02
5.399999999999999939e-02 1.586265275099070157e-02
5.500000000000000028e-02 1.615322866764000095e-02
5.600000000000000117e-02 1.644368302274620136e-02
5.700000000000000205e-02 1.673401576450250089e-02
5.800000000000000294e-02 1.702422693603329942e-02
5.899999999999999689e-02 1.731431658354989911e-02
5.999999999999999778e-02 1.760428475336469831e-02
6.099999999999999867e-02 1.789413149179469933e-02
6.199999999999999956e-02 1.818385684515769901e-02
6.300000000000000044e-02 1.847346085977289928e-02
6.400000000000000133e-02 1.876284467821059954e-02
6.500000000000000222e-02 1.905220302483969994e-02
6.600000000000000311e-02 1.934144329607490054e-02
6.700000000000000400e-02 1.963056251562679891e-02
6.800000000000000488e-02 1.991956063128039883e-02
6.900000000000000577e-02 2.020843768615000063e-02
7.000000000000000666e-02 2.049719372645620111e-02
7.099999999999999367e-02 2.078582879852119980e-02
7.199999999999999456e-02 2.107434294867149838e-02
7.299999999999999545e-02 2.136273622323429933e-02
7.399999999999999634e-02 2.165100866853730127e-02
7.499999999999999722e-02 2.193906142610069915e-02
7.599999999999999811e-02 2.222708921523720155e-02
7.699999999999999900e-02 2.251499944526209884e-02
7.799999999999999989e-02 2.280278913357159862e-02
7.900000000000000078e-02 2.309045822753169955e-02
8.000000000000000167e-02 2.337800677024209905e-02
8.100000000000000255e-02 2.366543480792900056e-02
8.200000000000000344e-02 2.395274238692050167e-02
8.300000000000000433e-02 2.423992955354880088e-02
8.400000000000000522e-02 2.452699635414649915e-02
8.500000000000000611e-02 2.481394283504630149e-02
8.599999999999999312e-02 2.510067013465869940e-02
8.699999999999999400e-02 2.538737297120249869e-02
8.799999999999999489e-02 2.567395876511590139e-02
8.899999999999999578e-02 2.596042452734840036e-02
8.999999999999999667e-02 2.624677020483530063e-02
9.099999999999999756e-02 2.653299584065790112e-02
9.199999999999999845e-02 2.681910148104390060e-02
9.299999999999999933e-02 2.710508717232399875e-02
9.400000000000000022e-02 2.739095296083200043e-02
9.500000000000000111e-02 2.767669889290209906e-02
9.600000000000000200e-02 2.796232501486820010e-02
9.700000000000000289e-02 2.824773245993579887e-02
9.800000000000000377e-02 2.853311594926139991e-02
9.900000000000000466e-02 2.881838291259790005e-02
1.000000000000000056e-01 2.910353035431329990e-02
1.010000000000000064e-01 2.938855822090059855e-02
1.019999999999999934e-01 2.967346655541869965e-02
1.029999999999999943e-01 2.995825540409330009e-02
1.039999999999999952e-01 3.024292481325319831e-02
1.049999999999999961e-01 3.052747482923070035e-02
1.059999999999999970e-01 3.081190549835780002e-02
1.069999999999999979e-01 3.109621686696599843e-02
1.079999999999999988e-01 3.138031006092319858e-02
1.089999999999999997e-01 3.166437980842570082e-02
1.100000000000000006e-01 3.194833354670290060e-02
1.110000000000000014e-01 3.223216827340300017e-02
1.120000000000000023e-01 3.251588393456580212e-02
1.130000000000000032e-01 3.279948057322330107e-02
1.140000000000000041e-01 3.308295823559519871e-02
1.150000000000000050e-01 3.336631696800550217e-02
1.160000000000000059e-01 3.364955681678079985e-02
1.170000000000000068e-01 3.393267782824720136e-02
1.179999999999999938e-01 3.421568004873030283e-02
1.189999999999999947e-01 3.449846459459129933e-02
1.199999999999999956e-01 3.478122620523890068e-02
1.209999999999999964e-01 3.506387232350990230e-02
1.219999999999999973e-01 3.534639994019229958e-02
1.229999999999999982e-01 3.562880900086060065e-02
1.239999999999999991e-01 3.591109954851610248e-02
1.250000000000000000e-01 3.619327162936900044e-02
1.260000000000000009e-01 3.647532528973439908e-02
1.270000000000000018e-01 3.675726057593010215e-02
1.280000000000000027e-01 3.703907753427249788e-02
1.290000000000000036e-01 3.732077621107739857e-02
1.300000000000000044e-01 3.760225771099420106e-02
1.310000000000000053e-01 3.788371678888610011e-02
1.320000000000000062e-01 3.816506089129829971e-02
1.330000000000000071e-01 3.844628700201500188e-02
1.340000000000000080e-01 3.872739506613390170e-02
1.350000000000000089e-01 3.900838512662110208e-02
1.360000000000000098e-01 3.928925722967410022e-02
1.370000000000000107e-01 3.957001142159549678e-02
1.380000000000000115e-01 3.985064774869020304e-02
1.390000000000000124e-01 4.013116625726190212e-02
1.400000000000000133e-01 4.041156699361279914e-02
1.409999999999999865e-01 4.069175104843820306e-02
1.419999999999999873e-01 4.097191319636880186e-02
1.429999999999999882e-01 4.125196088572839759e-02
1.439999999999999891e-01 4.153189109315139765e-02
1.449999999999999900e-01 4.181170376324620103e-02
1.459999999999999909e-01 4.209139893894049689e-02
1.469999999999999918e-01 4.237097666641480298e-02
1.479999999999999927e-01 4.265043699195589927e-02
1.489999999999999936e-01 4.292977996185250167e-02
1.499999999999999944e-01 4.320900562239179954e-02
1.509999999999999953e-01 4.348811401985919894e-02
1.519999999999999962e-01 4.376710520053869735e-02
1.529999999999999971e-01 4.404588033384099904e-02
1.539999999999999980e-01 4.432463403411419922e-02
1.549999999999999989e-01 4.460327383369400156e-02
1.559999999999999998e-01 4.488179670694759926e-02
1.570000000000000007e-01 4.516020259822169786e-02
1.580000000000000016e-01 4.543849155040959736e-02
1.590000000000000024e-01 4.571666360967040210e-02
1.600000000000000033e-01 4.599471882226959657e-02
1.610000000000000042e-01 4.627265723447419876e-02
1.620000000000000051e-01 4.655047889254940174e-02
1.630000000000000060e-01 4.682818384275819895e-02
1.640000000000000069e-01 4.710567323600260009e-02
1.650000000000000078e-01 4.738314171516930240e-02
1.660000000000000087e-01 4.766049681043289798e-02
1.670000000000000095e-01 4.793773548872189844e-02
1.680000000000000104e-01 4.821485769387050258e-02
1.690000000000000113e-01 4.849186346872540188e-02
1.700000000000000122e-01 4.876875285942160188e-02
1.710000000000000131e-01 4.904552591220150137e-02
1.719999999999999862e-01 4.932218267330860245e-02
1.729999999999999871e-01 4.959872318898440186e-02
1.739999999999999880e-01 4.987514750546800241e-02
1.749999999999999889e-01 5.015135675279799865e-02
1.759999999999999898e-01 5.042754560692679772e-02
1.769999999999999907e-01 5.070362159384560197e-02
1.779999999999999916e-01 5.097958167288980241e-02
1.789999999999999925e-01 5.125542578736869831e-02
1.799999999999999933e-01 5.153115398007800108e-02
1.809999999999999942e-01 5.180676629712550191e-02
1.819999999999999951e-01 5.208226278472719711e-02
1.829999999999999960e-01 5.235764348909970056e-02
1.839999999999999969e-01 5.263290845645730159e-02
1.849999999999999978e-01 5.290805773301170134e-02
1.859999999999999987e-01 5.318299242554760248e-02
1.869999999999999996e-01 5.345790724768000046e-02
1.880000000000000004e-01 5.373270971916489780e-02
1.890000000000000013e-01 5.400739679158649692e-02
1.900000000000000022e-01 5.428196840771649934e-02
1.910000000000000031e-01 5.455642461029600043e-02
1.920000000000000040e-01 5.483076544540239905e-02
1.930000000000000049e-01 5.510499095922129914e-02
1.940000000000000058e-01 5.537910119793960223e-02
1.950000000000000067e-01 5.565309620774110122e-02
1.960000000000000075e-01 5.592697603480670243e-02
1.970000000000000084e-01 5.620074072531450193e-02
1.980000000000000093e-01 5.647429145540799889e-02
1.990000000000000102e-01 5.674782279646810312e-02
2.000000000000000111e-01 5.702124234411080211e-02
2.010000000000000120e-01 5.729454704708519808e-02
2.020000000000000129e-01 5.756773684785550238e-02
2.030000000000000138e-01 5.784081178911219812e-02
2.039999999999999869e-01 5.811377191689590105e-02
2.049999999999999878e-01 5.838661727735609819e-02
2.059999999999999887e-01 5.865934791664279696e-02
2.069999999999999896e-01 5.893196388090309740e-02
2.079999999999999905e-01 5.920446521628040110e-02
2.089999999999999913e-01 5.947675307081069784e-02
2.099999999999999922e-01 5.974902206288110196e-02
2.109999999999999931e-01 6.002117977768570145e-02
2.119999999999999940e-01 6.029322315591070097e-02
2.129999999999999949e-01 6.056515213945799780e-02
2.139999999999999958e-01 6.083696677095579847e-02
2.149999999999999967e-01 6.110866709640710298e-02
2.159999999999999976e-01 6.138025316192469855e-02
2.169999999999999984e-01 6.165172501362169849e-02
2.179999999999999993e-01 6.192308269760800343e-02
2.190000000000000002e-01 6.219432625998960046e-02
2.200000000000000011e-01 6.246535681819079949e-02
2.210000000000000020e-01 6.273636904241759737e-02
2.220000000000000029e-01 6.300727050529829343e-02
2.230000000000000038e-01 6.327805813928860657e-02
2.240000000000000047e-01 6.354873188571530385e-02
2.250000000000000056e-01 6.381929178714060291e-02
2.260000000000000064e-01 6.408973788952659900e-02
2.270000000000000073e-01 6.436007023894650680e-02
2.280000000000000082e-01 6.463028888147299977e-02
2.290000000000000091e-01 6.490039386317569825e-02
2.300000000000000100e-01 6.517038523012000373e-02
2.310000000000000109e-01 6.544026302836759845e-02
2.320000000000000118e-01 6.570992843728090671e-02
2.330000000000000127e-01 6.597957599914319737e-02
2.340000000000000135e-01 6.624911335598919482e-02
2.349999999999999867e-01 6.651853743698570021e-02
2.359999999999999876e-01 6.678784818311589433e-02
2.369999999999999885e-01 6.705704563687940600e-02
2.379999999999999893e-01 6.732612984419089619e-02
2.389999999999999902e-01 6.759510085107639510e-02
2.399999999999999911e-01 6.786395870356150273e-02
2.409999999999999920e-01 6.813270344766800268e-02
2.419999999999999929e-01 6.840133512941329319e-02
2.429999999999999938e-01 6.866975489246819608e-02
2.439999999999999947e-01 6.893815734071150059e-02
2.449999999999999956e-01 6.920645009923920288e-02
2.459999999999999964e-01 6.947463008865839562e-02
2.469999999999999973e-01 6.974269724935119874e-02
2.479999999999999982e-01 7.001065162374349449e-02
2.489999999999999991e-01 7.027849325770299527e-02
2.500000000000000000e-01 7.054622219720910192e-02
2.510000000000000009e-01 7.081383848824089611e-02
2.520000000000000018e-01 7.108134217677319899e-02
2.530000000000000027e-01 7.134873330877659903e-02
2.540000000000000036e-01 7.161591298961179908e-02
2.550000000000000044e-01 7.188307588978380680e-02
2.560000000000000053e-01 7.215012961521319323e-02
2.570000000000000062e-01 7.241707107776999830e-02
2.580000000000000071e-01 7.268390021722209715e-02
2.590000000000000080e-01 7.295061707591829481e-02
2.600000000000000089e-01 7.321722169967539995e-02
2.610000000000000098e-01 7.348371413442419953e-02
2.620000000000000107e-01 7.375009442609359311e-02
2.630000000000000115e-01 7.401636262060889981e-02
2.640000000000000124e-01 7.428251876389009578e-02
2.650000000000000133e-01 7.454856290185279954e-02
2.660000000000000142e-01 7.481439619403450203e-02
2.670000000000000151e-01 7.508021319798140192e-02
2.680000000000000160e-01 7.534592158228639591e-02
2.690000000000000169e-01 7.561151825504920654e-02
2.700000000000000178e-01 7.587700315565749920e-02
2.710000000000000187e-01 7.614237632638540254e-02
2.720000000000000195e-01 7.640763781299270141e-02
2.730000000000000204e-01 7.667278766135189605e-02
2.740000000000000213e-01 7.693782591733509812e-02
2.750000000000000222e-01 7.720275262680939554e-02
2.760000000000000231e-01 7.746756783563679694e-02
2.770000000000000240e-01 7.773217265973619838e-02
2.780000000000000249e-01 7.799676173349319452e-02
2.790000000000000258e-01 7.826124270176569586e-02
2.800000000000000266e-01 7.852561246356899727e-02
2.810000000000000275e-01 7.878987095764859727e-02
2.819999999999999729e-01 7.905401822619480268e-02
2.829999999999999738e-01 7.931805431491059655e-02
2.839999999999999747e-01 7.958197926961299573e-02
2.849999999999999756e-01 7.984579313611810114e-02
2.859999999999999765e-01 8.010949596023729524e-02
2.869999999999999774e-01 8.037308778777589591e-02
2.879999999999999782e-01 8.063656866453469685e-02
2.889999999999999791e-01 8.089983975523290516e-02
2.899999999999999800e-01 8.116309559166240417e-02
2.909999999999999809e-01 8.142624387669160357e-02
2.919999999999999818e-01 8.168928150523109555e-02
2.929999999999999827e-01 8.195220841562120273e-02
2.939999999999999836e-01 8.221502464997010318e-02
2.949999999999999845e-01 8.247773025391620660e-02
2.959999999999999853e-01 8.274032527321280306e-02
2.969999999999999862e-01 8.300280975361190583e-02
2.979999999999999871e-01 8.326518374086000485e-02
2.989999999999999880e-01 8.352744728069820546e-02
2.999999999999999889e-01 8.378950148876390669e-02
3.009999999999999898e-01 8.405154098419530262e-02
3.019999999999999907e-01 8.431347344144270173e-02
3.029999999999999916e-01 8.457529574596960031e-02
3.039999999999999925e-01 8.483700783544789736e-02
3.049999999999999933e-01 8.509860975189409427e-02
3.059999999999999942e-01 8.536010154088380375e-02
3.069999999999999951e-01 8.562148324810879563e-02
3.079999999999999960e-01 8.588275491925960459e-02
3.089999999999999969e-01 8.614391660002060358e-02
3.099999999999999978e-01 8.640496833607050342e-02
3.109999999999999987e-01 8.666591017308239442e-02
3.119999999999999996e-01 8.692664326996420165e-02
3.130000000000000004e-01 8.718736215391939548e-02
3.140000000000000013e-01 8.744797455262040553e-02
3.150000000000000022e-01 8.770847734708049626e-02
3.160000000000000031e-01 8.796887047453970376e-02
3.170000000000000040e-01 8.822915397692519812e-02
3.180000000000000049e-01 8.848932789974180146e-02
3.190000000000000058e-01 8.874939228861110363e-02
3.200000000000000067e-01 8.900934718915259891e-02
3.210000000000000075e-01 8.926919264698010559e-02
3.220000000000000084e-01 8.952892870770150224e-02
3.230000000000000093e-01 8.978855541691820041e-02
3.240000000000000102e-01 9.004797397397029668e-02
3.250000000000000111e-01 9.030737881960239355e-02
3.260000000000000120e-01 9.056667773224259810e-02
3.270000000000000129e-01 9.082586758827990159e-02
3.280000000000000138e-01 9.108494832451000112e-02
3.290000000000000147e-01 9.134391998276659985e-02
3.300000000000000155e-01 9.160278260848060683e-02
3.310000000000000164e-01 9.186153624719979593e-02
3.320000000000000173e-01 9.212018094446999816e-02
3.330000000000000182e-01 9.237871674583099380e-02
3.340000000000000191e-01 9.263714369681630423e-02
3.350000000000000200e-01 9.289536293921910048e-02
3.360000000000000209e-01 9.315356901741210505e-02
3.370000000000000218e-01 9.341166967414810118e-02
3.380000000000000226e-01 9.366966177580940411e-02
3.390000000000000235e-01 9.392754525848079350e-02
3.400000000000000244e-01 9.418532016389430384e-02
3.410000000000000253e-01 9.444298653740930416e-02
3.420000000000000262e-01 9.470054442450319410e-02
3.430000000000000271e-01 9.495799387065159691e-02
3.439999999999999725e-01 9.521533492132359944e-02
3.449999999999999734e-01 9.547256762198150226e-02
3.459999999999999742e-01 9.572969201808119444e-02
3.469999999999999751e-01 9.598660928608619691e-02
3.479999999999999760e-01 9.624351389501230314e-02
3.489999999999999769e-01 9.650031363339109380e-02
3.499999999999999778e-01 9.675700536261530593e-02
3.509999999999999787e-01 9.701358901829809644e-02
3.519999999999999796e-01 9.727006464207099690e-02
3.529999999999999805e-01 9.752643227921309332e-02
3.539999999999999813e-01 9.778269197512240440e-02
3.549999999999999822e-01 9.803884377519439530e-02
3.559999999999999831e-01 9.829488772481839720e-02
3.569999999999999840e-01 9.855082386937609462e-02
3.579999999999999849e-01 9.880665225424289932e-02
3.589999999999999858e-01 9.906227408759750441e-02
3.599999999999999867e-01 9.931788376879649438e-02
3.609999999999999876e-01 9.957338912958990651e-02
3.619999999999999885e-01 9.982878702619669975e-02
3.629999999999999893e-01 1.000840773937450023e-01
3.639999999999999902e-01 1.003392602737628037e-01
3.649999999999999911e-01 1.005943357114453957e-01
3.659999999999999920e-01 1.008493037521082936e-01
3.669999999999999929e-01 1.011041644410640983e-01
3.679999999999999938e-01 1.013589178236185967e-01
3.689999999999999947e-01 1.016135639450705952e-01
3.699999999999999956e-01 1.018680039472339982e-01
3.709999999999999964e-01 1.021224323500476983e-01
3.719999999999999973e-01 1.023767569420448026e-01
3.729999999999999982e-01 1.026309745688472053e-01
3.739999999999999991e-01 1.028850851648286935e-01
3.750000000000000000e-01 1.031390887714049992e-01
3.760000000000000009e-01 1.033929854336917975e-01
3.770000000000000018e-01 1.036467751969261941e-01
3.780000000000000027e-01 1.039004581063421029e-01
3.790000000000000036e-01 1.041540342071664016e-01
3.800000000000000044e-01 1.044075035446187932e-01
3.810000000000000053e-01 1.046608661639115978e-01
3.820000000000000062e-01 1.049140232325768973e-01
3.830000000000000071e-01 1.051671692124444002e-01
3.840000000000000080e-01 1.054202119300985951e-01
3.850000000000000089e-01 1.056731482256024063e-01
3.860000000000000098e-01 1.059259780328162953e-01
3.870000000000000107e-01 1.061787013930454993e-01
3.880000000000000115e-01 1.064313183513163064e-01
3.890000000000000124e-01 1.066838289527772959e-01
3.900000000000000133e-01 1.069362332425738971e-01
3.910000000000000142e-01 1.071885312658441974e-01
3.920000000000000151e-01 1.074407230677186936e-01
3.930000000000000160e-01 1.076928086933204021e-01
3.940000000000000169e-01 1.079446893328270957e-01
3.950000000000000178e-01 1.081965593958813948e-01
3.960000000000000187e-01 1.084483267444630999e-01
3.970000000000000195e-01 1.086999882128821954e-01
3.980000000000000204e-01 1.089515437344727999e-01
3.990000000000000213e-01 1.092029933504250067e-01
4.000000000000000222e-01 1.094543371056734965e-01
4.010000000000000231e-01 1.097055750452753942e-01
4.020000000000000240e-01 1.099567072142847018e-01
4.030000000000000249e-01 1.102077336577474975e-01
4.040000000000000258e-01 1.104586544207026011e-01
4.050000000000000266e-01 1.107094695481807001e-01
4.060000000000000275e-01 1.109600802498935945e-01
4.069999999999999729e-01 1.112106808892937004e-01
4.079999999999999738e-01 1.114611793610680024e-01
4.089999999999999747e-01 1.117115724935776044e-01
4.099999999999999756e-01 1.119618602196146007e-01
4.109999999999999765e-01 1.122120425802519972e-01
4.119999999999999774e-01 1.124621196203292040e-01
4.129999999999999782e-01 1.127120913848091988e-01
4.139999999999999791e-01 1.129619579186512957e-01
4.149999999999999800e-01 1.132117192668077033e-01
4.159999999999999809e-01 1.134613754742220953e-01
4.169999999999999818e-01 1.137109265858298052e-01
4.179999999999999827e-01 1.139602738277261940e-01
4.189999999999999836e-01 1.142096115232447001e-01
4.199999999999999845e-01 1.144588475970608060e-01
4.209999999999999853e-01 1.147079788713854936e-01
4.219999999999999862e-01 1.149570052784554958e-01
4.229999999999999871e-01 1.152059268592224017e-01
4.239999999999999880e-01 1.154547436584277970e-01
4.249999999999999889e-01 1.157034557209378062e-01
4.259999999999999898e-01 1.159520630916150985e-01
4.269999999999999907e-01 1.162005658153136972e-01
4.279999999999999916e-01 1.164489639368801038e-01
4.289999999999999925e-01 1.166971586005813993e-01
4.299999999999999933e-01 1.169453442800563042e-01
4.309999999999999942e-01 1.171934288435634991e-01
4.319999999999999951e-01 1.174414091016721950e-01
4.329999999999999960e-01 1.176892849857885948e-01
4.339999999999999969e-01 1.179370565367360985e-01
4.349999999999999978e-01 1.181847237991636018e-01
4.359999999999999987e-01 1.184322868178458998e-01
4.369999999999999996e-01 1.186797456375539017e-01
4.380000000000000004e-01 1.189271003030508006e-01
4.390000000000000013e-01 1.191743508590906026e-01
4.400000000000000022e-01 1.194214973504191951e-01
4.410000000000000031e-01 1.196684409312920028e-01
4.420000000000000040e-01 1.199153760475359931e-01
4.430000000000000049e-01 1.201622105919119970e-01
4.440000000000000058e-01 1.204089413684191062e-01
4.450000000000000067e-01 1.206555683078776031e-01
4.460000000000000075e-01 1.209020914509832956e-01
4.470000000000000084e-01 1.211485108422818979e-01
4.480000000000000093e-01 1.213948265264463977e-01
4.490000000000000102e-01 1.216410385481453971e-01
4.500000000000000111e-01 1.218871469520391021e-01
4.510000000000000120e-01 1.221331517827792951e-01
4.520000000000000129e-01 1.223790530850090014e-01
4.530000000000000138e-01 1.226247520196998009e-01
4.540000000000000147e-01 1.228704430111677987e-01
4.550000000000000155e-01 1.231160339738606030e-01
4.560000000000000164e-01 1.233615217049958968e-01
4.570000000000000173e-01 1.236069061347930959e-01
4.580000000000000182e-01 1.238521873038170990e-01
4.590000000000000191e-01 1.240973652565082047e-01
4.600000000000000200e-01 1.243424400374340960e-01
4.610000000000000209e-01 1.245874116911590002e-01
4.620000000000000218e-01 1.248322802622379019e-01
4.630000000000000226e-01 1.250770457952173897e-01
4.640000000000000235e-01 1.253217083346347127e-01
4.650000000000000244e-01 1.255661690448665047e-01
4.660000000000000253e-01 1.258106223350949071e-01
4.670000000000000262e-01 1.260549761386063061e-01
4.680000000000000271e-01 1.262992272456225085e-01
4.689999999999999725e-01 1.265433755857469922e-01
4.699999999999999734e-01 1.267874211994104994e-01
4.709999999999999742e-01 1.270313641309449015e-01
4.719999999999999751e-01 1.272752044248108005e-01
4.729999999999999760e-01 1.275189421254646904e-01
4.739999999999999769e-01 1.277625772773544888e-01
4.749999999999999778e-01 1.280061099249182877e-01
4.759999999999999787e-01 1.282495401125857970e-01
4.769999999999999796e-01 1.284927690047862892e-01
4.779999999999999805e-01 1.287359910020217935e-01
4.789999999999999813e-01 1.289791140535374026e-01
4.799999999999999822e-01 1.292221349423411936e-01
4.809999999999999831e-01 1.294650535974047056e-01
4.819999999999999840e-01 1.297078700590217071e-01
4.829999999999999849e-01 1.299505843714131026e-01
4.839999999999999858e-01 1.301931965789298040e-01
4.849999999999999867e-01 1.304357067259183933e-01
4.859999999999999876e-01 1.306781148567164874e-01
4.869999999999999885e-01 1.309204210156519887e-01
4.879999999999999893e-01 1.311626252470441123e-01
4.889999999999999902e-01 1.314046287119824130e-01
4.899999999999999911e-01 1.316466258088190011e-01
4.909999999999999920e-01 1.318885244998468931e-01
4.919999999999999929e-01 1.321303215606368930e-01
4.929999999999999938e-01 1.323720169195141960e-01
4.939999999999999947e-01 1.326136106166319051e-01
4.949999999999999956e-01 1.328551026960970993e-01
4.959999999999999964e-01 1.330964932021493075e-01
4.969999999999999973e-01 1.333377821790223128e-01
4.979999999999999982e-01 1.335789696709411001e-01
4.989999999999999991e-01 1.338200557221214948e-01
5.000000000000000000e-01 1.340610403767689973e-01
5.010000000000000009e-01 1.343019236790805038e-01
5.020000000000000018e-01 1.345426068782442086e-01
5.030000000000000027e-01 1.347832841931612124e-01
5.040000000000000036e-01 1.350238636795907110e-01
5.050000000000000044e-01 1.352643421107888877e-01
5.060000000000000053e-01 1.355047194146836997e-01
5.070000000000000062e-01 1.357449956312875017e-01
5.080000000000000071e-01 1.359851708045828889e-01
5.090000000000000080e-01 1.362252449786847119e-01
5.100000000000000089e-01 1.364652181977029921e-01
5.110000000000000098e-01 1.367050905057378973e-01
5.120000000000000107e-01 1.369448619468799921e-01
5.130000000000000115e-01 1.371845325652102932e-01
5.140000000000000124e-01 1.374240035996472098e-01
5.150000000000000133e-01 1.376634692802939930e-01
5.160000000000000142e-01 1.379028376699878988e-01
5.170000000000000151e-01 1.381421055341043869e-01
5.180000000000000160e-01 1.383812727998930125e-01
5.190000000000000169e-01 1.386203395072189981e-01
5.200000000000000178e-01 1.388593056999475051e-01
5.210000000000000187e-01 1.390981714220760057e-01
5.220000000000000195e-01 1.393369367175968099e-01
5.230000000000000204e-01 1.395756016304930125e-01
5.240000000000000213e-01 1.398141662047376887e-01
5.250000000000000222e-01 1.400526304842940883e-01
5.260000000000000231e-01 1.402908956942945928e-01
5.270000000000000240e-01 1.405291560828083042e-01
5.280000000000000249e-01 1.407673197167421952e-01
5.290000000000000258e-01 1.410053833533568002e-01
5.300000000000000266e-01 1.412433469192072022e-01
5.310000000000000275e-01 1.414812104540091875e-01
5.320000000000000284e-01 1.417189740015069865e-01
5.330000000000000293e-01 1.419566376055786949e-01
5.340000000000000302e-01 1.421942013100976065e-01
5.350000000000000311e-01 1.424316651589266070e-01
5.360000000000000320e-01 1.426690291959190893e-01
5.370000000000000329e-01 1.429062934649182048e-01
5.380000000000000338e-01 1.431433591737135969e-01
5.390000000000000346e-01 1.433804205951828004e-01
5.400000000000000355e-01 1.436173857972601053e-01
5.410000000000000364e-01 1.438542515288540879e-01
5.420000000000000373e-01 1.440910177158087058e-01
5.430000000000000382e-01 1.443276843976875889e-01
5.440000000000000391e-01 1.445642516181112058e-01
5.450000000000000400e-01 1.448007194208369985e-01
5.460000000000000409e-01 1.450370878496156923e-01
5.470000000000000417e-01 1.452733569481889919e-01
5.480000000000000426e-01 1.455095267602878051e-01
5.490000000000000435e-01 1.457455973296332974e-01
5.500000000000000444e-01 1.459814698430728919e-01
5.510000000000000453e-01 1.462173386052149915e-01
5.520000000000000462e-01 1.464531116819456913e-01
5.530000000000000471e-01 1.466887858135811906e-01
5.540000000000000480e-01 1.469243609252371963e-01
5.550000000000000488e-01 1.471598370563214075e-01
5.560000000000000497e-01 1.473952142503298923e-01
5.570000000000000506e-01 1.476304925508956922e-01
5.580000000000000515e-01 1.478656720016457982e-01
5.590000000000000524e-01 1.481007526461982082e-01
5.600000000000000533e-01 1.483357345281595130e-01
5.610000000000000542e-01 1.485706176911260057e-01
5.620000000000000551e-01 1.488054021786842929e-01
5.629999999999999449e-01 1.490399892477979049e-01
5.639999999999999458e-01 1.492745730583001917e-01
5.649999999999999467e-01 1.495090617539991118e-01
5.659999999999999476e-01 1.497434520717655926e-01
5.669999999999999485e-01 1.499777439362418030e-01
5.679999999999999494e-01 1.502119373866789009e-01
5.689999999999999503e-01 1.504460324664358972e-01
5.699999999999999512e-01 1.506800292190093038e-01
5.709999999999999520e-01 1.509139276878898872e-01
5.719999999999999529e-01 1.511477279165586995e-01
5.729999999999999538e-01 1.513814299484853021e-01
5.739999999999999547e-01 1.516150338271292919e-01
5.749999999999999556e-01 1.518484407811707959e-01
5.759999999999999565e-01 1.520818450163050894e-01
5.769999999999999574e-01 1.523151546679988866e-01
5.779999999999999583e-01 1.525483664640472914e-01
5.789999999999999591e-01 1.527814803283311929e-01
5.799999999999999600e-01 1.530144962999399894e-01
5.809999999999999609e-01 1.532474144221031009e-01
5.819999999999999618e-01 1.534802347381891974e-01
5.829999999999999627e-01 1.537129572915608977e-01
5.839999999999999636e-01 1.539455821255704959e-01
5.849999999999999645e-01 1.541781092835594058e-01
5.859999999999999654e-01 1.544105388088584108e-01
5.869999999999999662e-01 1.546427718981379928e-01
5.879999999999999671e-01 1.548750028101175957e-01
5.889999999999999680e-01 1.551071396687483950e-01
5.899999999999999689e-01 1.553391791924959020e-01
5.909999999999999698e-01 1.555711213044622954e-01
5.919999999999999707e-01 1.558029660435724939e-01
5.929999999999999716e-01 1.560347134529246060e-01
5.939999999999999725e-01 1.562663635757564895e-01
5.949999999999999734e-01 1.564979164553015056e-01
5.959999999999999742e-01 1.567293721347809976e-01
5.969999999999999751e-01 1.569607306574062888e-01
5.979999999999999760e-01 1.571919920663771009e-01
5.989999999999999769e-01 1.574231564048829135e-01
5.999999999999999778e-01 1.576541249283938129e-01
6.009999999999999787e-01 1.578850917726651037e-01
6.019999999999999796e-01 1.581159651298137958e-01
6.029999999999999805e-01 1.583467417141398992e-01
6.039999999999999813e-01 1.585774214482220945e-01
6.049999999999999822e-01 1.588080043708202937e-01
6.059999999999999831e-01 1.590384905248886926e-01
6.069999999999999840e-01 1.592688799535224020e-01
6.079999999999999849e-01 1.594991726998110093e-01
6.089999999999999858e-01 1.597293688068328887e-01
6.099999999999999867e-01 1.599594683176555066e-01
6.109999999999999876e-01 1.601894712753351990e-01
6.119999999999999885e-01 1.604192788957382876e-01
6.129999999999999893e-01 1.606490853822528930e-01
6.139999999999999902e-01 1.608787989089905113e-01
6.149999999999999911e-01 1.611084161804136883e-01
6.159999999999999920e-01 1.613379371182873945e-01
6.169999999999999929e-01 1.615673617612015944e-01
6.179999999999999938e-01 1.617966901519747869e-01
6.189999999999999947e-01 1.620259223335679122e-01
6.199999999999999956e-01 1.622550583489363873e-01
6.209999999999999964e-01 1.624840982410241941e-01
6.219999999999999973e-01 1.627130420527649057e-01
6.229999999999999982e-01 1.629418898270794946e-01
6.239999999999999991e-01 1.631706416068788024e-01
6.250000000000000000e-01 1.633991986590478951e-01
6.260000000000000009e-01 1.636277550790048996e-01
6.270000000000000018e-01 1.638562191023265890e-01
6.280000000000000027e-01 1.640845874288114070e-01
6.290000000000000036e-01 1.643128599796671030e-01
6.300000000000000044e-01 1.645410367933128892e-01
6.310000000000000053e-01 1.647691179124192995e-01
6.320000000000000062e-01 1.649971033797995035e-01
6.330000000000000071e-01 1.652249932382620912e-01
6.340000000000000080e-01 1.654527875306034956e-01
6.350000000000000089e-01 1.656804862996086036e-01
6.360000000000000098e-01 1.659080895880515882e-01
6.370000000000000107e-01 1.661354986154479907e-01
6.380000000000000115e-01 1.663629075597808094e-01
6.390000000000000124e-01 1.665902246319977964e-01
6.400000000000000133e-01 1.668174465215359892e-01
6.410000000000000142e-01 1.670445731487530949e-01
6.420000000000000151e-01 1.672716045518927996e-01
6.430000000000000160e-01 1.674985407734861098e-01
6.440000000000000169e-01 1.677253818562081944e-01
6.450000000000000178e-01 1.679521278427298925e-01
6.460000000000000187e-01 1.681787787757093866e-01
6.470000000000000195e-01 1.684053346977935905e-01
6.480000000000000204e-01 1.686317956516185934e-01
6.490000000000000213e-01 1.688581616798074947e-01
6.500000000000000222e-01 1.690843340449469101e-01
6.510000000000000231e-01 1.693105068323599027e-01
6.520000000000000240e-01 1.695365883076289937e-01
6.530000000000000249e-01 1.697625751550115025e-01
6.540000000000000258e-01 1.699884672942743036e-01
6.550000000000000266e-01 1.702142647634841133e-01
6.560000000000000275e-01 1.704399676050195878e-01
6.570000000000000284e-01 1.706655758614054053e-01
6.580000000000000293e-01 1.708910895751601100e-01
6.590000000000000302e-01 1.711165087887905889e-01
6.600000000000000311e-01 1.713418335447927099e-01
6.610000000000000320e-01 1.715670638856497954e-01
6.620000000000000329e-01 1.717921010186397035e-01
6.630000000000000338e-01 1.720171391269094130e-01
6.640000000000000346e-01 1.722420864446551902e-01
6.650000000000000355e-01 1.724669396452311876e-01
6.660000000000000364e-01 1.726916986475171001e-01
6.670000000000000373e-01 1.729163634893987889e-01
6.680000000000000382e-01 1.731409342131114970e-01
6.690000000000000391e-01 1.733654108610385991e-01
6.700000000000000400e-01 1.735897934755571137e-01
6.710000000000000409e-01 1.738140820990322910e-01
6.720000000000000417e-01 1.740382767738183900e-01
6.730000000000000426e-01 1.742623775422565968e-01
6.740000000000000435e-01 1.744863844466769953e-01
6.750000000000000444e-01 1.747101987293109004e-01
6.760000000000000453e-01 1.749340144962747978e-01
6.770000000000000462e-01 1.751577400294375975e-01
6.780000000000000471e-01 1.753813719964422979e-01
6.790000000000000480e-01 1.756049103155415958e-01
6.800000000000000488e-01 1.758283550244394977e-01
6.810000000000000497e-01 1.760517061652148996e-01
6.820000000000000506e-01 1.762749637800962998e-01
6.830000000000000515e-01 1.764981279113055912e-01
6.840000000000000524e-01 1.767211986010532865e-01
6.850000000000000533e-01 1.769441758915372975e-01
6.860000000000000542e-01 1.771670598249441009e-01
6.870000000000000551e-01 1.773898504434479051e-01
6.879999999999999449e-01 1.776124490200698958e-01
6.889999999999999458e-01 1.778350495919165941e-01
6.899999999999999467e-01 1.780575604849513882e-01
6.909999999999999476e-01 1.782799783608368105e-01
6.919999999999999485e-01 1.785023031371804070e-01
6.929999999999999494e-01 1.787245348515018872e-01
6.939999999999999503e-01 1.789466735457219959e-01
6.949999999999999512e-01 1.791687192619121904e-01
6.959999999999999520e-01 1.793906720421374057e-01
6.969999999999999529e-01 1.796125319284510025e-01
6.979999999999999538e-01 1.798342989628942123e-01
6.989999999999999547e-01 1.800559731874954994e-01
6.999999999999999556e-01 1.802774558077263889e-01
7.009999999999999565e-01 1.804989409820426938e-01
7.019999999999999574e-01 1.807203369946114024e-01
7.029999999999999583e-01 1.809416404953539115e-01
7.039999999999999591e-01 1.811628514009324953e-01
7.049999999999999600e-01 1.813839697486777924e-01
7.059999999999999609e-01 1.816049955803623051e-01
7.069999999999999618e-01 1.818259289379109134e-01
7.079999999999999627e-01 1.820467698632426135e-01
7.089999999999999636e-01 1.822675183982634950e-01
7.099999999999999645e-01 1.824881745848686010e-01
7.109999999999999654e-01 1.827087384649390966e-01
7.119999999999999662e-01 1.829292100803452947e-01
7.129999999999999671e-01 1.831494906589729021e-01
7.139999999999999680e-01 1.833697743063844865e-01
7.149999999999999689e-01 1.835899693436796876e-01
7.159999999999999698e-01 1.838100724142419096e-01
7.169999999999999707e-01 1.840300834340513891e-01
7.179999999999999716e-01 1.842500024402486114e-01
7.189999999999999725e-01 1.844698294744442912e-01
7.199999999999999734e-01 1.846895645784037976e-01
7.209999999999999742e-01 1.849092077938851997e-01
7.219999999999999751e-01 1.851287591626344931e-01
7.229999999999999760e-01 1.853482187263854886e-01
7.239999999999999769e-01 1.855675865268593128e-01
7.249999999999999778e-01 1.857868626057651018e-01
7.259999999999999787e-01 1.860059482091113991e-01
7.269999999999999796e-01 1.862250373978306117e-01
7.279999999999999805e-01 1.864440385262766953e-01
7.289999999999999813e-01 1.866629482310130927e-01
7.299999999999999822e-01 1.868817664273194068e-01
7.309999999999999831e-01 1.871004931521431935e-01
7.319999999999999840e-01 1.873191284469327977e-01
7.329999999999999849e-01 1.875376723532904966e-01
7.339999999999999858e-01 1.877561249128125997e-01
7.349999999999999867e-01 1.879744861670832878e-01
7.359999999999999876e-01 1.881927561576740016e-01
7.369999999999999885e-01 1.884109349261433863e-01
7.379999999999999893e-01 1.886290225140382915e-01
7.389999999999999902e-01 1.888469201811550924e-01
7.399999999999999911e-01 1.890648219521403883e-01
7.409999999999999920e-01 1.892826362108903926e-01
7.419999999999999929e-01 1.895003595868633983e-01
7.429999999999999938e-01 1.897179919946185012e-01
7.439999999999999947e-01 1.899355334709084131e-01
7.449999999999999956e-01 1.901529840570163887e-01
7.459999999999999964e-01 1.903703437943810028e-01
7.469999999999999973e-01 1.905876127244353069e-01
7.479999999999999982e-01 1.908047908885991961e-01
7.489999999999999991e-01 1.910218783282806865e-01
7.500000000000000000e-01 1.912388750848743046e-01
7.510000000000000009e-01 1.914557811997623094e-01
7.520000000000000018e-01 1.916724979421519093e-01
7.530000000000000027e-01 1.918892193088281017e-01
7.540000000000000036e-01 1.921058537094869900e-01
7.550000000000000044e-01 1.923223977661895900e-01
7.560000000000000053e-01 1.925388513927552003e-01
7.570000000000000062e-01 1.927552146257396903e-01
7.580000000000000071e-01 1.929714875062588098e-01
7.590000000000000080e-01 1.931876700755869036e-01
7.600000000000000089e-01 1.934037623749911006e-01
7.610000000000000098e-01 1.936197644457264000e-01
7.620000000000000107e-01 1.938356763290348117e-01
7.630000000000000115e-01 1.940514980661459110e-01
7.640000000000000124e-01 1.942672296982762004e-01
7.650000000000000133e-01 1.944827724996212037e-01
7.660000000000000142e-01 1.946983204476127882e-01
7.670000000000000151e-01 1.949137819739681088e-01
7.680000000000000160e-01 1.951291536930563064e-01
7.690000000000000169e-01 1.953444355179380088e-01
7.700000000000000178e-01 1.955596274849683014e-01
7.710000000000000187e-01 1.957747296350949018e-01
7.720000000000000195e-01 1.959897420094255105e-01
7.730000000000000204e-01 1.962046646490606117e-01
7.740000000000000213e-01 1.964194975950885880e-01
7.750000000000000222e-01 1.966342408885841109e-01
7.760000000000000231e-01 1.968488945706098892e-01
7.770000000000000240e-01 1.970634586822150869e-01
7.780000000000000249e-01 1.972778344981178933e-01
7.790000000000000258e-01 1.974922159849882008e-01
7.800000000000000266e-01 1.977065115927524042e-01
7.810000000000000275e-01 1.979207179277885087e-01
7.820000000000000284e-01 1.981348349023772104e-01
7.830000000000000293e-01 1.983488625526712013e-01
7.840000000000000302e-01 1.985628009194490007e-01
7.850000000000000311e-01 1.987766500436496941e-01
7.860000000000000320e-01 1.989904099662057890e-01
7.870000000000000329e-01 1.992040807280371917e-01
7.880000000000000338e-01 1.994176623700505135e-01
7.890000000000000346e-01 1.996311549331397095e-01
7.900000000000000355e-01 1.998445584581854950e-01
7.910000000000000364e-01 2.000577742159174999e-01
7.920000000000000373e-01 2.002709961709188968e-01
7.930000000000000382e-01 2.004841327874800905e-01
7.940000000000000391e-01 2.006971806636828060e-01
7.950000000000000400e-01 2.009101397110084897e-01
7.960000000000000409e-01 2.011230099654043035e-01
7.970000000000000417e-01 2.013357914674779869e-01
7.980000000000000426e-01 2.015484842579987890e-01
7.990000000000000435e-01 2.017610883777297970e-01
8.000000000000000444e-01 2.019736038674211087e-01
8.010000000000000453e-01 2.021860307678101099e-01
8.020000000000000462e-01 2.023983691196200863e-01
8.030000000000000471e-01 2.026106189635621946e-01
8.040000000000000480e-01 2.028226815618222878e-01
8.050000000000000488e-01 2.030347508856555905e-01
8.060000000000000497e-01 2.032467354098373979e-01
8.070000000000000506e-01 2.034586317238435971e-01
8.080000000000000515e-01 2.036704397383357068e-01
8.090000000000000524e-01 2.038821594890533884e-01
8.100000000000000533e-01 2.040937910164316027e-01
8.110000000000000542e-01 2.043053343610687911e-01
8.120000000000000551e-01 2.045167895635572053e-01
8.129999999999999449e-01 2.047281566644758022e-01
8.139999999999999458e-01 2.049394357043906045e-01
8.149999999999999467e-01 2.051506267238543124e-01
8.159999999999999476e-01 2.053617297634064975e-01
8.169999999999999485e-01 2.055726460720876947e-01
8.179999999999999494e-01 2.057835696366707989e-01
8.189999999999999503e-01 2.059944089385009891e-01
8.199999999999999512e-01 2.062051605581357028e-01
8.209999999999999520e-01 2.064158244053941049e-01
8.219999999999999529e-01 2.066264005158066908e-01
8.229999999999999538e-01 2.068368889296340885e-01
8.239999999999999547e-01 2.070472896873027102e-01
8.249999999999999556e-01 2.072576028292323069e-01
8.259999999999999565e-01 2.074678283958298897e-01
8.269999999999999574e-01 2.076779664274888970e-01
8.279999999999999583e-01 2.078880169645896947e-01
8.289999999999999591e-01 2.080979800474989927e-01
8.299999999999999600e-01 2.083078557165702893e-01
8.309999999999999609e-01 2.085175452964914133e-01
8.319999999999999618e-01 2.087272426177186058e-01
8.329999999999999627e-01 2.089368562456035971e-01
8.339999999999999636e-01 2.091463827570307910e-01
8.349999999999999645e-01 2.093558220612500020e-01
8.359999999999999654e-01 2.095651741935805890e-01
8.369999999999999662e-01 2.097744391940954134e-01
8.379999999999999671e-01 2.099836171030342868e-01
8.389999999999999680e-01 2.101927079606299986e-01
8.399999999999999689e-01 2.104017118071025982e-01
8.409999999999999698e-01 2.106106286826585072e-01
8.419999999999999707e-01 2.108194586274906024e-01
8.429999999999999716e-01 2.110282016817787987e-01
8.439999999999999725e-01 2.112367591476654038e-01
8.449999999999999734e-01 2.114453248892045056e-01
8.459999999999999742e-01 2.116538074703029904e-01
8.469999999999999751e-01 2.118622034582925973e-01
8.479999999999999760e-01 2.120705127615394869e-01
8.489999999999999769e-01 2.122787354151486061e-01
8.499999999999999778e-01 2.124868714590159025e-01
8.509999999999999787e-01 2.126949209332064106e-01
8.519999999999999796e-01 2.129028838777783927e-01
8.529999999999999805e-01 2.131107603327770939e-01
8.539999999999999813e-01 2.133185503382339920e-01
8.549999999999999822e-01 2.135262539341671872e-01
8.559999999999999831e-01 2.137338711605810959e-01
8.569999999999999840e-01 2.139413032923337954e-01
8.579999999999999849e-01 2.141487442361807991e-01
8.589999999999999858e-01 2.143561025505666129e-01
8.599999999999999867e-01 2.145633747929406865e-01
8.609999999999999876e-01 2.147705608707637104e-01
8.619999999999999885e-01 2.149776608189231941e-01
8.629999999999999893e-01 2.151846746771383101e-01
8.639999999999999902e-01 2.153916024852975120e-01
8.649999999999999911e-01 2.155984442832835080e-01
8.659999999999999920e-01 2.158052001109652118e-01
8.669999999999999929e-01 2.160118700081984922e-01
8.679999999999999938e-01 2.162184540148248957e-01
8.689999999999999947e-01 2.164249521706730905e-01
8.699999999999999956e-01 2.166313645155575895e-01
8.709999999999999964e-01 2.168375923854574117e-01
8.719999999999999973e-01 2.170438295587810984e-01
8.729999999999999982e-01 2.172499846655376876e-01
8.739999999999999991e-01 2.174560542585488032e-01
8.750000000000000000e-01 2.176620382446428081e-01
8.760000000000000009e-01 2.178679366584899968e-01
8.770000000000000018e-01 2.180737495396173897e-01
8.780000000000000027e-01 2.182794769277225100e-01
8.790000000000000036e-01 2.184851188624979956e-01
8.800000000000000044e-01 2.186906753836221073e-01
8.810000000000000053e-01 2.188961465307593113e-01
8.820000000000000062e-01 2.191015323435608897e-01
8.830000000000000071e-01 2.193068328616643026e-01
8.840000000000000080e-01 2.195119493840894109e-01
8.850000000000000089e-01 2.197170757505405025e-01
8.860000000000000098e-01 2.199221205773435883e-01
8.870000000000000107e-01 2.201270804067742004e-01
8.880000000000000115e-01 2.203319551447109892e-01
8.890000000000000124e-01 2.205367448256030094e-01
8.900000000000000133e-01 2.207414494887967038e-01
8.910000000000000142e-01 2.209460691738120985e-01
8.920000000000000151e-01 2.211506039201633078e-01
8.930000000000000160e-01 2.213550537673502905e-01
8.940000000000000169e-01 2.215594187548597105e-01
8.950000000000000178e-01 2.217636989221644928e-01
8.960000000000000187e-01 2.219678943087236012e-01
8.970000000000000195e-01 2.221719061717170873e-01
8.980000000000000204e-01 2.223759284215137966e-01
8.990000000000000213e-01 2.225798696566327894e-01
9.000000000000000222e-01 2.227837264084595870e-01
9.010000000000000231e-01 2.229874985819000899e-01
9.020000000000000240e-01 2.231911862111785050e-01
9.030000000000000249e-01 2.233947893354603920e-01
9.040000000000000258e-01 2.235983079940868923e-01
9.050000000000000266e-01 2.238017422263929024e-01
9.060000000000000275e-01 2.240050920716994132e-01
9.070000000000000284e-01 2.242083575693137043e-01
9.080000000000000293e-01 2.244115387585295107e-01
9.090000000000000302e-01 2.246146356786264120e-01
9.100000000000000311e-01 2.248176483688703042e-01
9.110000000000000320e-01 2.250204781326340941e-01
9.120000000000000329e-01 2.252233187806627901e-01
9.130000000000000338e-01 2.254260789702962897e-01
9.140000000000000346e-01 2.256287552272931984e-01
9.150000000000000355e-01 2.258313474558615863e-01
9.160000000000000364e-01 2.260338556900020057e-01
9.170000000000000373e-01 2.262362799686840065e-01
9.180000000000000382e-01 2.264386203310551904e-01
9.190000000000000391e-01 2.266408768162563037e-01
9.200000000000000400e-01 2.268430494634146033e-01
9.210000000000000409e-01 2.270451383116431909e-01
9.220000000000000417e-01 2.272471434000420953e-01
9.230000000000000426e-01 2.274490647676961907e-01
9.240000000000000435e-01 2.276509024536771952e-01
9.250000000000000444e-01 2.278525578024022114e-01
9.260000000000000453e-01 2.280542245349037878e-01
9.270000000000000462e-01 2.282558113629394037e-01
9.280000000000000471e-01 2.284573148062996051e-01
9.290000000000000480e-01 2.286587347684725102e-01
9.300000000000000488e-01 2.288600712832319084e-01
9.310000000000000497e-01 2.290613243893515061e-01
9.320000000000000506e-01 2.292624941257835891e-01
9.330000000000000515e-01 2.294635805314743926e-01
9.340000000000000524e-01 2.296645836453556910e-01
9.350000000000000533e-01 2.298655035063457974e-01
9.360000000000000542e-01 2.300663401533493968e-01
9.370000000000000551e-01 2.302670936252567135e-01
9.379999999999999449e-01 2.304676652096135092e-01
9.389999999999999458e-01 2.306682487269904880e-01
9.399999999999999467e-01 2.308687528586007010e-01
9.409999999999999476e-01 2.310691741122987974e-01
9.419999999999999485e-01 2.312695123905305905e-01
9.429999999999999494e-01 2.314697677268391096e-01
9.439999999999999503e-01 2.316699401598135977e-01
9.449999999999999512e-01 2.318700297282247080e-01
9.459999999999999520e-01 2.320700364708364882e-01
9.469999999999999529e-01 2.322699604263991913e-01
9.479999999999999538e-01 2.324698016336489981e-01
9.489999999999999547e-01 2.326695601313082951e-01
9.499999999999999556e-01 2.328692359580855908e-01
9.509999999999999565e-01 2.330688291526744060e-01
9.519999999999999574e-01 2.332682410333518919e-01
9.529999999999999583e-01 2.334676653508082900e-01
9.539999999999999591e-01 2.336670108318943950e-01
9.549999999999999600e-01 2.338662739777971067e-01
9.559999999999999609e-01 2.340654546901962119e-01
9.569999999999999618e-01 2.342645530024038969e-01
9.579999999999999627e-01 2.344635689528110079e-01
9.589999999999999636e-01 2.346625025799916053e-01
9.599999999999999645e-01 2.348613539225123947e-01
9.609999999999999654e-01 2.350601230189275914e-01
9.619999999999999662e-01 2.352588099077763117e-01
9.629999999999999671e-01 2.354574146275837110e-01
9.639999999999999680e-01 2.356559372168610944e-01
9.649999999999999689e-01 2.358543777141058062e-01
9.659999999999999698e-01 2.360526374630408930e-01
9.669999999999999707e-01 2.362509101546416967e-01
9.679999999999999716e-01 2.364491045568916927e-01
9.689999999999999725e-01 2.366472171639538991e-01
9.699999999999999734e-01 2.368452478767192060e-01
9.709999999999999742e-01 2.370431967282665975e-01
9.719999999999999751e-01 2.372410637567878011e-01
9.729999999999999760e-01 2.374388490006588137e-01
9.739999999999999769e-01 2.376365524982498867e-01
9.749999999999999778e-01 2.378341742879163112e-01
9.759999999999999787e-01 2.380317144079996949e-01
9.769999999999999796e-01 2.382291728968279065e-01
9.779999999999999805e-01 2.384265497927139932e-01
9.789999999999999813e-01 2.386238451339575961e-01
9.799999999999999822e-01 2.388209602843986978e-01
9.809999999999999831e-01 2.390180888855474028e-01
9.819999999999999840e-01 2.392151397419813863e-01
9.829999999999999849e-01 2.394121093404787959e-01
9.839999999999999858e-01 2.396089975811175055e-01
9.849999999999999867e-01 2.398058044967421865e-01
9.859999999999999876e-01 2.400025301253438936e-01
9.869999999999999885e-01 2.401991745051003935e-01
9.879999999999999893e-01 2.403957376741829022e-01
9.889999999999999902e-01 2.405922196707487026e-01
9.899999999999999911e-01 2.407886205329411999e-01
9.909999999999999920e-01 2.409849402988891998e-01
9.919999999999999929e-01 2.411811790067074079e-01
9.929999999999999938e-01 2.413772379426341042e-01
9.939999999999999947e-01 2.415733108875096069e-01
9.949999999999999956e-01 2.417693065978606115e-01
9.959999999999999964e-01 2.419652215470639023e-01
9.969999999999999973e-01 2.421610556340560994e-01
9.979999999999999982e-01 2.423568088914418994e-01
9.989999999999999991e-01 2.425524813570252014e-01
1.000000000000000000e+00 2.427480730687983923e-01
1.100000000000000089e+00 2.619051922792188236e-01
1.199999999999999956e+00 2.802923609326734011e-01
1.300000000000000044e+00 2.979454548857287111e-01
1.399999999999999911e+00 3.148987139753000042e-01
1.500000000000000000e+00 3.311851160912328007e-01
1.600000000000000089e+00 3.468359945800643107e-01
1.699999999999999956e+00 3.618813574655083132e-01
1.800000000000000044e+00 3.763499173549842980e-01
1.899999999999999911e+00 3.902688319870887823e-01
2.000000000000000000e+00 4.036641393577690140e-01
2.100000000000000089e+00 4.165603104141968882e-01
2.200000000000000178e+00 4.289810823988388089e-01
2.299999999999999822e+00 4.409484259209379142e-01
2.399999999999999911e+00 4.524836756056628273e-01
2.500000000000000000e+00 4.636067937759746904e-01
2.600000000000000089e+00 4.743369108882306007e-01
2.700000000000000178e+00 4.846918830439533865e-01
2.799999999999999822e+00 4.946891257851868118e-01
2.899999999999999911e+00 5.043445799630114079e-01
3.000000000000000000e+00 5.136738364292521286e-01
3.100000000000000089e+00 5.226912977912578917e-01
3.200000000000000178e+00 5.314111016660709730e-01
3.299999999999999822e+00 5.398460825296859111e-01
3.399999999999999911e+00 5.480088882701711350e-01
3.500000000000000000e+00 5.559112336847128466e-01
3.600000000000000089e+00 5.635643264951851750e-01
3.700000000000000178e+00 5.709788024199163869e-01
3.799999999999999822e+00 5.781647565706836689e-01
3.899999999999999911e+00 5.851318722465467248e-01
4.000000000000000000e+00 5.918891538713010325e-01
4.099999999999999645e+00 5.984452485487585793e-01
4.200000000000000178e+00 6.048083728093918143e-01
4.299999999999999822e+00 6.109864342080906230e-01
4.400000000000000355e+00 6.169866637561510769e-01
4.500000000000000000e+00 6.228163189393712829e-01
4.599999999999999645e+00 6.284820222471166895e-01
4.700000000000000178e+00 6.339901695042031715e-01
4.799999999999999822e+00 6.393468500417055500e-01
4.900000000000000355e+00 6.445578633496089616e-01
5.000000000000000000e+00 6.496288323250218877e-01
5.099999999999999645e+00 6.545648295201058620e-01
5.200000000000000178e+00 6.593710700630943666e-01
5.299999999999999822e+00 6.640521489766644248e-01
5.400000000000000355e+00 6.686128309478261977e-01
5.500000000000000000e+00 6.730573800290927666e-01
5.599999999999999645e+00 6.773899608791869031e-01
5.700000000000000178e+00 6.816146490900008015e-01
5.799999999999999822e+00 6.857350513380610080e-01
5.900000000000000355e+00 6.897548977443689333e-01
6.000000000000000000e+00 6.936777604112727147e-01
6.099999999999999645e+00 6.975067681743645220e-01
6.200000000000000178e+00 7.012452958619515009e-01
6.299999999999999822e+00 7.048962901812144688e-01
6.400000000000000355e+00 7.084626664045727829e-01
6.500000000000000000e+00 7.119471203703037210e-01
6.599999999999999645e+00 7.153525217431673244e-01
6.700000000000000178e+00 7.186813386678988502e-01
6.799999999999999822e+00 7.219361278151000816e-01
6.900000000000000355e+00 7.251190551493751357e-01
7.000000000000000000e+00 7.282324812058231789e-01
7.099999999999999645e+00 7.312785791816515113e-01
7.200000000000000178e+00 7.342595328452649062e-01
7.299999999999999822e+00 7.371771535200262182e-01
7.400000000000000355e+00 7.400335594184721533e-01
7.500000000000000000e+00 7.428304097432489872e-01
7.599999999999999645e+00 7.455696759982038957e-01
7.700000000000000178e+00 7.482528775375582031e-01
7.799999999999999822e+00 7.508818538857834346e-01
7.900000000000000355e+00 7.534580928498635366e-01
8.000000000000000000e+00 7.559831198941534547e-01
8.099999999999999645e+00 7.584583080442252045e-01
8.199999999999999289e+00 7.608852644919282815e-01
8.300000000000000711e+00 7.632652560796222563e-01
8.400000000000000355e+00 7.655995965402438985e-01
8.500000000000000000e+00 7.678895524509666837e-01
8.599999999999999645e+00 7.701363451808544980e-01
8.699999999999999289e+00 7.723411528337389420e-01
8.800000000000000711e+00 7.745052080176093590e-01
8.900000000000000355e+00 7.766294166462919257e-01
9.000000000000000000e+00 7.787149330006614134e-01
9.099999999999999645e+00 7.807627798037317657e-01
9.199999999999999289e+00 7.827739447845816212e-01
9.300000000000000711e+00 7.847494787019053675e-01
9.400000000000000355e+00 7.866901122932533630e-01
9.500000000000000000e+00 7.885968320011809141e-01
9.599999999999999645e+00 7.904705966294344188e-01
9.699999999999999289e+00 7.923120480080690919e-01
9.800000000000000711e+00 7.941221836192893235e-01
9.900000000000000355e+00 7.959015934521862512e-01
1.000000000000000000e+01 7.976512228001430005e-01
1.009999999999999964e+01 7.993716128396822773e-01
1.019999999999999929e+01 8.010636615769913815e-01
1.030000000000000071e+01 8.027278641467133768e-01
1.040000000000000036e+01 8.043650758257503419e-01
1.050000000000000000e+01 8.059758439289977927e-01
1.059999999999999964e+01 8.075606980035947569e-01
1.069999999999999929e+01 8.091204325102165917e-01
1.080000000000000071e+01 8.106555382074661642e-01
1.090000000000000036e+01 8.121664889436832624e-01
1.100000000000000000e+01 8.136540266462907178e-01
1.109999999999999964e+01 8.151185906715239238e-01
1.119999999999999929e+01 8.165607001467283244e-01
1.130000000000000071e+01 8.179808590460679874e-01
1.140000000000000036e+01 8.193794623675656474e-01
1.150000000000000000e+01 8.207571743275839937e-01
1.159999999999999964e+01 8.221143613950796514e-01
1.169999999999999929e+01 8.234514715839380550e-01
1.180000000000000071e+01 8.247689402780649104e-01
1.190000000000000036e+01 8.260671905516494551e-01
1.200000000000000000e+01 8.273466335942549765e-01
1.209999999999999964e+01 8.286076691188268839e-01
1.219999999999999929e+01 8.298506857532587100e-01
1.230000000000000071e+01 8.310760614162617799e-01
1.240000000000000036e+01 8.322841636782667418e-01
1.250000000000000000e+01 8.334753501080294225e-01
1.259999999999999964e+01 8.346499686055841583e-01
1.269999999999999929e+01 8.358083577221648852e-01
1.280000000000000071e+01 8.369508469676709694e-01
1.290000000000000036e+01 8.380777571062275610e-01
1.300000000000000000e+01 8.391894004403751550e-01
1.309999999999999964e+01 8.402860810843767458e-01
1.319999999999999929e+01 8.413680952271227476e-01
1.330000000000000071e+01 8.424357313850858731e-01
1.340000000000000036e+01 8.434893648466328386e-01
1.350000000000000000e+01 8.445290821167430462e-01
1.359999999999999964e+01 8.455552432705170096e-01
1.369999999999999929e+01 8.465681086126846111e-01
1.380000000000000071e+01 8.475679317758408882e-01
1.390000000000000036e+01 8.485549600516588686e-01
1.400000000000000000e+01 8.495295292074603877e-01
1.409999999999999964e+01 8.504916866821407018e-01
1.419999999999999929e+01 8.514417549798837248e-01
1.430000000000000071e+01 8.523799580421534960e-01
1.440000000000000036e+01 8.533066084607993096e-01
1.450000000000000000e+01 8.542217326826301305e-01
1.459999999999999964e+01 8.551256310902336510e-01
1.469999999999999929e+01 8.560185068328864944e-01
1.480000000000000071e+01 8.569006529473855993e-01
1.490000000000000036e+01 8.577720753680433408e-01
1.500000000000000000e+01 8.586330557734433988e-01
1.509999999999999964e+01 8.594838731956473410e-01
1.519999999999999929e+01 8.603245215463590778e-01
1.530000000000000071e+01 8.611552689309808217e-01
1.540000000000000036e+01 8.619763818922632215e-01
1.550000000000000000e+01 8.627878424018149417e-01
1.559999999999999964e+01 8.635899065582939294e-01
1.569999999999999929e+01 8.643828299618637745e-01
1.580000000000000071e+01 8.651665826202461496e-01
1.590000000000000036e+01 8.659415032943631463e-01
1.600000000000000000e+01 8.667075586268874199e-01
1.610000000000000142e+01 8.674649856944673942e-01
1.619999999999999929e+01 8.682140226720027609e-01
1.630000000000000071e+01 8.689546239482711654e-01
1.639999999999999858e+01 8.696871115911889438e-01
1.650000000000000000e+01 8.704114365779003215e-01
1.660000000000000142e+01 8.711278204715352524e-01
1.669999999999999929e+01 8.718364875206229270e-01
1.680000000000000071e+01 8.725373760531897060e-01
1.689999999999999858e+01 8.732307960476639597e-01
1.700000000000000000e+01 8.739166822680832780e-01
1.710000000000000142e+01 8.745953381761953915e-01
1.719999999999999929e+01 8.752666947344887038e-01
1.730000000000000071e+01 8.759310494996006557e-01
1.739999999999999858e+01 8.765883295409848674e-01
1.750000000000000000e+01 8.772388271008590976e-01
1.760000000000000142e+01 8.778824652532082329e-01
1.769999999999999929e+01 8.785195314983841319e-01
1.780000000000000071e+01 8.791499448006707684e-01
1.789999999999999858e+01 8.797739884758650764e-01
1.800000000000000000e+01 8.803915772516108795e-01
1.810000000000000142e+01 8.810029908040294400e-01
1.819999999999999929e+01 8.816081394834902607e-01
1.830000000000000071e+01 8.822072998616373729e-01
1.839999999999999858e+01 8.828003777561660437e-01
1.850000000000000000e+01 8.833876471624660942e-01
1.860000000000000142e+01 8.839690091942307149e-01
1.869999999999999929e+01 8.845447357945316336e-01
1.880000000000000071e+01 8.851148157615407186e-01
1.889999999999999858e+01 8.856792419522269144e-01
1.900000000000000000e+01 8.862382763302322219e-01
1.910000000000000142e+01 8.867918155230661847e-01
1.919999999999999929e+01 8.873401203992911102e-01
1.930000000000000071e+01 8.878830823295784658e-01
1.939999999999999858e+01 8.884209617678557880e-01
1.950000000000000000e+01 8.889537374354840038e-01
1.960000000000000142e+01 8.894813915271867488e-01
1.969999999999999929e+01 8.900041766357303930e-01
1.980000000000000071e+01 8.905219783905682363e-01
1.989999999999999858e+01 8.910350498722282575e-01
2.000000000000000000e+01 8.915433636873212331e-01
2.010000000000000142e+01 8.920468954890468094e-01
2.019999999999999929e+01 8.925458918967285049e-01
2.030000000000000071e+01 8.930403234904210619e-01
2.039999999999999858e+01 8.935301636175362328e-01
2.050000000000000000e+01 8.940156530498596377e-01
2.060000000000000142e+01 8.944966696171232634e-01
2.069999999999999929e+01 8.949734561721385262e-01
2.080000000000000071e+01 8.954459769128034763e-01
2.089999999999999858e+01 8.959141983979620472e-01
2.100000000000000000e+01 8.963783590923031230e-01
2.110000000000000142e+01 8.968384210069922924e-01
2.119999999999999929e+01 8.972943482520436831e-01
2.130000000000000071e+01 8.977463754411292296e-01
2.139999999999999858e+01 8.981944623214555001e-01
2.150000000000000000e+01 8.986385704825986531e-01
2.160000000000000142e+01 8.990789313849312236e-01
2.169999999999999929e+01 8.995155024248029374e-01
2.180000000000000071e+01 8.999482425874195668e-01
2.189999999999999858e+01 9.003773808609176754e-01
2.200000000000000000e+01 9.008028721928511562e-01
2.210000000000000142e+01 9.012246728667867579e-01
2.219999999999999929e+01 9.016430100685648430e-01
2.230000000000000071e+01 9.020578361868542006e-01
2.239999999999999858e+01 9.024691046918326132e-01
2.250000000000000000e+01 9.028770416313149916e-01
2.260000000000000142e+01 9.032815967116202271e-01
2.269999999999999929e+01 9.036828114257048350e-01
2.280000000000000071e+01 9.040806386572983744e-01
2.289999999999999858e+01 9.044752975807629491e-01
2.300000000000000000e+01 9.048667373248966417e-01
2.310000000000000142e+01 9.052549075256888234e-01
2.319999999999999929e+01 9.056400276108129699e-01
2.330000000000000071e+01 9.060220437615148503e-01
2.339999999999999858e+01 9.064009929927852038e-01
2.350000000000000000e+01 9.067768240775991861e-01
2.360000000000000142e+01 9.071497512434908428e-01
2.369999999999999929e+01 9.075197197842124197e-01
2.380000000000000071e+01 9.078866749262771707e-01
2.389999999999999858e+01 9.082508325131432025e-01
2.400000000000000000e+01 9.086121345739035515e-01
2.410000000000000142e+01 9.089706142229809771e-01
2.419999999999999929e+01 9.093262155116571543e-01
2.430000000000000071e+01 9.096791506661348059e-01
2.439999999999999858e+01 9.100293604828003646e-01
2.450000000000000000e+01 9.103768760781352221e-01
2.460000000000000142e+01 9.107216399378406102e-01
2.469999999999999929e+01 9.110638615217148129e-01
2.480000000000000071e+01 9.114034801919096429e-01
2.489999999999999858e+01 9.117405252124172188e-01
2.500000000000000000e+01 9.120749373068419708e-01
2.510000000000000142e+01 9.124069239979454293e-01
2.519999999999999929e+01 9.127364230036516535e-01
2.530000000000000071e+01 9.130634618681428005e-01
2.539999999999999858e+01 9.133879793439714234e-01
2.550000000000000000e+01 9.137101818336264003e-01
2.560000000000000142e+01 9.140300051896543820e-01
2.569999999999999929e+01 9.143474753575557834e-01
2.580000000000000071e+01 9.146626181234224218e-01
2.589999999999999858e+01 9.149753721146264285e-01
2.600000000000000000e+01 9.152859381160152186e-01
2.610000000000000142e+01 9.155942520086364222e-01
2.619999999999999929e+01 9.159003379070581596e-01
2.630000000000000071e+01 9.162041320115648091e-01
2.639999999999999858e+01 9.165058356770028336e-01
2.650000000000000000e+01 9.168053824393788132e-01
2.660000000000000142e+01 9.171027950510596272e-01
2.669999999999999929e+01 9.173980961646012178e-01
2.680000000000000071e+01 9.176912213363234150e-01
2.689999999999999858e+01 9.179823682260912499e-01
2.700000000000000000e+01 9.182714698508311901e-01
2.710000000000000142e+01 9.185585474005427686e-01
2.719999999999999929e+01 9.188436219912183844e-01
2.730000000000000071e+01 9.191266282456251879e-01
2.739999999999999858e+01 9.194077611305425668e-01
2.750000000000000000e+01 9.196869528407671801e-01
2.760000000000000142e+01 9.199642231322672226e-01
2.769999999999999929e+01 9.202395917122070390e-01
2.780000000000000071e+01 9.205129919744677869e-01
2.789999999999999858e+01 9.207846171653731870e-01
2.800000000000000000e+01 9.210543983498280518e-01
2.810000000000000142e+01 9.213223539652724003e-01
2.819999999999999929e+01 9.215885024252847835e-01
2.830000000000000071e+01 9.218527755886347652e-01
2.839999999999999858e+01 9.221153659385640244e-01
2.850000000000000000e+01 9.223762030928376321e-01
2.860000000000000142e+01 9.226353042744267485e-01
2.869999999999999929e+01 9.228926867074631613e-01
2.880000000000000071e+01 9.231482803936695847e-01
2.889999999999999858e+01 9.234022780091007965e-01
2.900000000000000000e+01 9.236546073927364153e-01
2.910000000000000142e+01 9.239052846468743807e-01
2.919999999999999929e+01 9.241543259004659783e-01
2.930000000000000071e+01 9.244017470743229881e-01
2.939999999999999858e+01 9.246474778884710144e-01
2.950000000000000000e+01 9.248917076904259460e-01
2.960000000000000142e+01 9.251343641443702248e-01
2.969999999999999929e+01 9.253754621318394102e-01
2.980000000000000071e+01 9.256150165794757578e-01
2.989999999999999858e+01 9.258530422249684477e-01
3.000000000000000000e+01 9.260894681130770190e-01
3.010000000000000142e+01 9.263244814134348193e-01
3.019999999999999929e+01 9.265580092093688158e-01
3.030000000000000071e+01 9.267900652707795617e-01
3.039999999999999858e+01 9.270206634317059713e-01
3.050000000000000000e+01 9.272498173543614053e-01
3.060000000000000142e+01 9.274774550091228198e-01
3.069999999999999929e+01 9.277037625102272367e-01
3.080000000000000071e+01 9.279286659501781998e-01
3.089999999999999858e+01 9.281521780842699743e-01
3.100000000000000000e+01 9.283743117518765686e-01
3.110000000000000142e+01 9.285950796358671822e-01
3.119999999999999929e+01 9.288144082201523766e-01
3.130000000000000071e+01 9.290324836775939454e-01
3.139999999999999858e+01 9.292492306884702069e-01
3.150000000000000000e+01 9.294646610797817621e-01
3.160000000000000142e+01 9.296787867838496311e-01
3.169999999999999929e+01 9.298916195902258153e-01
3.180000000000000071e+01 9.301031711471343666e-01
3.189999999999999858e+01 9.303133678134429818e-01
3.200000000000000000e+01 9.305223929093675572e-01
3.210000000000000142e+01 9.307301710832888153e-01
3.220000000000000284e+01 9.309367131882797519e-01
3.229999999999999716e+01 9.311420301969988156e-01
3.239999999999999858e+01 9.313461329535651645e-01
3.250000000000000000e+01 9.315490321747398328e-01
3.260000000000000142e+01 9.317506536018176355e-01
3.270000000000000284e+01 9.319511790000636342e-01
3.279999999999999716e+01 9.321505324825117844e-01
3.289999999999999858e+01 9.323487240210005522e-01
3.300000000000000000e+01 9.325457637228937724e-01
3.310000000000000142e+01 9.327416615796028099e-01
3.320000000000000284e+01 9.329364274675293611e-01
3.329999999999999716e+01 9.331299860103864363e-01
3.339999999999999858e+01 9.333225186947872176e-01
3.350000000000000000e+01 9.335139485892549605e-01
3.360000000000000142e+01 9.337042848658175798e-01
3.370000000000000284e+01 9.338935368500091982e-01
3.379999999999999716e+01 9.340817137625807565e-01
3.389999999999999858e+01 9.342688247202144414e-01
3.400000000000000000e+01 9.344548787369824083e-01
3.410000000000000142e+01 9.346398004863919473e-01
3.420000000000000284e+01 9.348237687573933696e-01
3.429999999999999716e+01 9.350067067539555854e-01
3.439999999999999858e+01 9.351886228331728335e-01
3.450000000000000000e+01 9.353695255171241563e-01
3.460000000000000142e+01 9.355494232343180006e-01
3.470000000000000284e+01 9.357283243202115797e-01
3.479999999999999716e+01 9.359062370184879631e-01
3.489999999999999858e+01 9.360830854669900392e-01
3.500000000000000000e+01 9.362590472081447901e-01
3.510000000000000142e+01 9.364340449861068283e-01
3.520000000000000284e+01 9.366080864249579641e-01
3.529999999999999716e+01 9.367811793278522092e-01
3.539999999999999858e+01 9.369533314142112213e-01
3.550000000000000000e+01 9.371245503200535953e-01
3.560000000000000142e+01 9.372948435991167448e-01
3.570000000000000284e+01 9.374642187239583535e-01
3.579999999999999716e+01 9.376326002963943917e-01
3.589999999999999858e+01 9.378001625959193621e-01
3.600000000000000000e+01 9.379668289146702032e-01
3.610000000000000142e+01 9.381326061478459932e-01
3.620000000000000284e+01 9.382975013778843687e-01
3.629999999999999716e+01 9.384615216131060311e-01
3.639999999999999858e+01 9.386246737878916058e-01
3.650000000000000000e+01 9.387869647636504222e-01
3.660000000000000142e+01 9.389483173848880426e-01
3.670000000000000284e+01 9.391089076141260206e-01
3.679999999999999716e+01 9.392686570463808504e-01
3.689999999999999858e+01 9.394275719843347972e-01
3.700000000000000000e+01 9.395856589383015933e-01
3.710000000000000142e+01 9.397429243520112330e-01
3.720000000000000284e+01 9.398993746026012008e-01
3.729999999999999716e+01 9.400550160014695678e-01
3.739999999999999858e+01 9.402098547951196483e-01
3.750000000000000000e+01 9.403638971659890045e-01
3.760000000000000142e+01 9.405170666339945917e-01
3.770000000000000284e+01 9.406695357449985639e-01
3.779999999999999716e+01 9.408212268504011488e-01
3.789999999999999858e+01 9.409721456102118076e-01
3.800000000000000000e+01 9.411222978982344278e-01
3.810000000000000142e+01 9.412716895298099962e-01
3.820000000000000284e+01 9.414203262616798185e-01
3.829999999999999716e+01 9.415682137927180451e-01
3.839999999999999858e+01 9.417153577646569795e-01
3.850000000000000000e+01 9.418617637627983985e-01
3.860000000000000142e+01 9.420073552192907984e-01
3.870000000000000284e+01 9.421523030416587563e-01
3.879999999999999716e+01 9.422965295656547946e-01
3.889999999999999858e+01 9.424400398802298406e-01
3.900000000000000000e+01 9.425828392984677562e-01
3.910000000000000142e+01 9.427249330819915674e-01
3.920000000000000284e+01 9.428663264406955680e-01
3.929999999999999716e+01 9.430070245333748158e-01
3.939999999999999858e+01 9.431470324683524087e-01
3.950000000000000000e+01 9.432863553040907734e-01
3.960000000000000142e+01 9.434249156217208165e-01
3.970000000000000284e+01 9.435628844334051912e-01
3.979999999999999716e+01 9.437001832894987841e-01
3.989999999999999858e+01 9.438368167685275978e-01
4.000000000000000000e+01 9.439727896880744096e-01
4.010000000000000142e+01 9.441081068203319715e-01
4.020000000000000284e+01 9.442427728916912288e-01
4.029999999999999716e+01 9.443767925832872168e-01
4.039999999999999858e+01 9.445101705315384066e-01
4.050000000000000000e+01 9.446429113286779478e-01
4.060000000000000142e+01 9.447750195232792469e-01
4.070000000000000284e+01 9.449064174703771801e-01
4.079999999999999716e+01 9.450372750788573750e-01
4.089999999999999858e+01 9.451675137419773831e-01
4.100000000000000000e+01 9.452971375469113591e-01
4.110000000000000142e+01 9.454261508309595996e-01
4.120000000000000284e+01 9.455545578917600169e-01
4.129999999999999716e+01 9.456823629867560088e-01
4.139999999999999858e+01 9.458095703336624194e-01
4.150000000000000000e+01 9.459361841109256153e-01
4.160000000000000142e+01 9.460622084581815638e-01
4.170000000000000284e+01 9.461876474767015877e-01
4.179999999999999716e+01 9.463125052298392292e-01
4.189999999999999858e+01 9.464367043480071962e-01
4.200000000000000000e+01 9.465604127010858182e-01
4.210000000000000142e+01 9.466835520280307836e-01
4.220000000000000284e+01 9.468061259504672034e-01
4.229999999999999716e+01 9.469281383479319913e-01
4.239999999999999858e+01 9.470495930656044337e-01
4.250000000000000000e+01 9.471704939136763590e-01
4.260000000000000142e+01 9.472908446677446026e-01
4.270000000000000284e+01 9.474106490692015825e-01
4.279999999999999716e+01 9.475299108256227676e-01
4.289999999999999858e+01 9.476486336111470399e-01
4.300000000000000000e+01 9.477668210668518389e-01
4.310000000000000142e+01 9.478844768011244204e-01
4.320000000000000284e+01 9.480015240895316442e-01
4.329999999999999716e+01 9.481181281093478130e-01
4.339999999999999858e+01 9.482342113147735896e-01
4.350000000000000000e+01 9.483497768922809490e-01
4.360000000000000142e+01 9.484648282914885931e-01
4.370000000000000284e+01 9.485793689324971689e-01
4.379999999999999716e+01 9.486934022051739523e-01
4.389999999999999858e+01 9.488069314694840273e-01
4.400000000000000000e+01 9.489199600558180236e-01
4.410000000000000142e+01 9.490324912653164136e-01
4.420000000000000284e+01 9.491445283701895885e-01
4.429999999999999716e+01 9.492560746140343841e-01
4.439999999999999858e+01 9.493671332121460527e-01
4.450000000000000000e+01 9.494776270683056296e-01
4.460000000000000142e+01 9.495877208938795500e-01
4.470000000000000284e+01 9.496973368366488089e-01
4.479999999999999716e+01 9.498064776988753843e-01
4.489999999999999858e+01 9.499151465580841780e-01
4.500000000000000000e+01 9.500233464663951910e-01
4.510000000000000142e+01 9.501310804496969631e-01
4.520000000000000284e+01 9.502383515079255716e-01
4.529999999999999716e+01 9.503451626153391896e-01
4.539999999999999858e+01 9.504515167207951976e-01
4.550000000000000000e+01 9.505574167480176362e-01
4.560000000000000142e+01 9.506628655958657692e-01
4.570000000000000284e+01 9.507678661385976504e-01
4.579999999999999716e+01 9.508724212261293607e-01
4.589999999999999858e+01 9.509765336842935790e-01
4.600000000000000000e+01 9.510801274613563949e-01
4.610000000000000142e+01 9.511833639681873676e-01
4.620000000000000284e+01 9.512861664650363869e-01
4.629999999999999716e+01 9.513885373825246017e-01
4.639999999999999858e+01 9.514904794289630319e-01
4.650000000000000000e+01 9.515919952911735535e-01
4.660000000000000142e+01 9.516930876336033851e-01
4.670000000000000284e+01 9.517937590985540153e-01
4.679999999999999716e+01 9.518940123064100201e-01
4.689999999999999858e+01 9.519938498558652151e-01
4.700000000000000000e+01 9.520932743241483642e-01
4.710000000000000142e+01 9.521922882672420041e-01
4.720000000000000284e+01 9.522908942201011584e-01
4.729999999999999716e+01 9.523890946968706084e-01
4.739999999999999858e+01 9.524868921910963904e-01
4.750000000000000000e+01 9.525842105160847728e-01
4.760000000000000142e+01 9.526812103204618243e-01
4.770000000000000284e+01 9.527778147941952103e-01
4.779999999999999716e+01 9.528740260415108354e-01
4.789999999999999858e+01 9.529698464551368264e-01
4.800000000000000000e+01 9.530652784096091956e-01
4.810000000000000142e+01 9.531603242602866288e-01
4.820000000000000284e+01 9.532549863435380022e-01
4.829999999999999716e+01 9.533492669769344507e-01
4.839999999999999858e+01 9.534431684594367740e-01
4.850000000000000000e+01 9.535366930715828415e-01
4.860000000000000142e+01 9.536298430756700029e-01
4.870000000000000284e+01 9.537226207159393843e-01
4.879999999999999716e+01 9.538150282187531914e-01
4.889999999999999858e+01 9.539070677927732334e-01
4.900000000000000000e+01 9.539987416291372258e-01
4.910000000000000142e+01 9.540899733543719563e-01
4.920000000000000284e+01 9.541809230466500313e-01
4.929999999999999716e+01 9.542715137740241937e-01
4.939999999999999858e+01 9.543617473414516272e-01
4.950000000000000000e+01 9.544516258539768039e-01
4.960000000000000142e+01 9.545411514013831811e-01
4.970000000000000284e+01 9.546303260571031846e-01
4.979999999999999716e+01 9.547191518783719744e-01
4.989999999999999858e+01 9.548076309063844302e-01
5.000000000000000000e+01 9.548957651664520263e-01
5.010000000000000142e+01 9.549835566681575960e-01
5.020000000000000284e+01 9.550710074055059895e-01
5.029999999999999716e+01 9.551581193570753969e-01
5.039999999999999858e+01 9.552448944861665625e-01
5.050000000000000000e+01 9.553313347409492229e-01
5.060000000000000142e+01 9.554174420546084345e-01
5.070000000000000284e+01 9.555032183454863492e-01
5.079999999999999716e+01 9.555886655172267652e-01
5.089999999999999858e+01 9.556737079171927496e-01
5.100000000000000000e+01 9.557585032754899457e-01
5.110000000000000142e+01 9.558429754454208505e-01
5.120000000000000284e+01 9.559271259528644427e-01
5.129999999999999716e+01 9.560109566289487493e-01
5.139999999999999858e+01 9.560944692922146437e-01
5.150000000000000000e+01 9.561776657474555519e-01
5.160000000000000142e+01 9.562605477858422409e-01
5.170000000000000284e+01 9.563431171850513834e-01
5.179999999999999716e+01 9.564253757093915675e-01
5.189999999999999858e+01 9.565073251099296403e-01
5.200000000000000000e+01 9.565889671246131654e-01
5.210000000000000142e+01 9.566703034783954340e-01
5.220000000000000284e+01 9.567513358833533710e-01
5.229999999999999716e+01 9.568320660388102139e-01
5.239999999999999858e+01 9.569124956314526420e-01
5.250000000000000000e+01 9.569926263354480156e-01
5.260000000000000142e+01 9.570724598125603944e-01
5.270000000000000284e+01 9.571519977122657785e-01
5.279999999999999716e+01 9.572311647155485881e-01
5.289999999999999858e+01 9.573101170801572302e-01
5.300000000000000000e+01 9.573887790572451761e-01
5.310000000000000142e+01 9.574671519216784166e-01
5.320000000000000284e+01 9.575452372619858155e-01
5.329999999999999716e+01 9.576230366564255636e-01
5.339999999999999858e+01 9.577005516717371769e-01
5.350000000000000000e+01 9.577777838632424157e-01
5.360000000000000142e+01 9.578547347749464258e-01
5.370000000000000284e+01 9.579314059396439873e-01
5.379999999999999716e+01 9.580077988790184351e-01
5.389999999999999858e+01 9.580839151037423562e-01
5.400000000000000000e+01 9.581597561135783980e-01
5.410000000000000142e+01 9.582353233974759688e-01
5.420000000000000284e+01 9.583106184336688260e-01
5.429999999999999716e+01 9.583856426897722214e-01
5.439999999999999858e+01 9.584603976228770472e-01
5.450000000000000000e+01 9.585348846796439837e-01
5.460000000000000142e+01 9.586091052963972015e-01
5.470000000000000284e+01 9.586830608992156222e-01
5.479999999999999716e+01 9.587567529040256220e-01
5.489999999999999858e+01 9.588301068077942357e-01
5.500000000000000000e+01 9.589032764896951999e-01
6.000000000000000000e+01 9.622573657322708307e-01
6.500000000000000000e+01 9.651055720917292025e-01
7.000000000000000000e+01 9.675542712509376253e-01
7.500000000000000000e+01 9.696820340412244388e-01
8.000000000000000000e+01 9.715479993885155485e-01
8.500000000000000000e+01 9.731976622073206240e-01
9.000000000000000000e+01 9.746666283747715820e-01
9.500000000000000000e+01 9.759829804540299802e-01
1.000000000000000000e+02 9.771693229638588329e-01
1.050000000000000000e+02 9.782440064884579956e-01
1.100000000000000000e+02 9.792220834118330330e-01
1.150000000000000000e+02 9.801160169573915892e-01
1.200000000000000000e+02 9.809362147465191528e-01
1.250000000000000000e+02 9.816914354744975535e-01
1.300000000000000000e+02 9.823891024111316428e-01
1.350000000000000000e+02 9.830356051712335619e-01
1.400000000000000000e+02 9.836362845778984232e-01
1.450000000000000000e+02 9.841959226316076004e-01
1.500000000000000000e+02 9.847185168269904088e-01
1.550000000000000000e+02 9.852076912545419951e-01
1.600000000000000000e+02 9.856664909458355828e-01
1.650000000000000000e+02 9.860977194123972112e-01
1.700000000000000000e+02 9.865037550809500067e-01
1.750000000000000000e+02 9.868867306339580425e-01
1.800000000000000000e+02 9.872485906264407696e-01
1.850000000000000000e+02 9.875909969396173826e-01
1.900000000000000000e+02 9.879155186760711915e-01
1.950000000000000000e+02 9.882234960603527574e-01
2.000000000000000000e+02 9.885161534002110395e-01
