1.000000000000000021e-02 6.515292941633162721e-03 3.277078029743793149e-04
1.000000000000000056e-01 3.926108225382416578e-02 3.593880630605926453e-04
5.000000000000000000e-01 8.814415218437550437e-02 3.358356440195035104e-04
8.000000000000000444e-01 8.748835540211069572e-02 3.141980574827469316e-04
1.000000000000000000e+00 9.597795441043320552e-02 3.245988393273751237e-04
1.252999999999999892e+00 2.758973669664614436e-01 4.173924650915453996e-04
1.500000000000000000e+00 9.467577186238808340e-02 2.444415808500705967e-04
1.752999999999999892e+00 4.149129978894846027e-01 2.291017941798626889e-04
2.000000000000000000e+00 5.274872802341603606e-01 2.653208500363310788e-04
2.299999999999999822e+00 8.611562104706240728e-01 3.115493385763584591e-04
2.500000000000000000e+00 9.363829325890260513e-01 2.821308541337460012e-04
2.700000000000000178e+00 9.415421889958811574e-01 2.537162417898177901e-04
3.000000000000000000e+00 9.470563584966159576e-01 2.097592960055396142e-04
3.529999999999999805e+00 9.543406512024632526e-01 1.806005936203855663e-04
4.000000000000000000e+00 9.584824231634263558e-01 1.843248600779773770e-04
4.530000000000000249e+00 9.618426456561923743e-01 1.805205184581763875e-04
5.000000000000000000e+00 9.640857768278867646e-01 1.726482101665285397e-04
