1.000000000000000021e-02 6.650072184214703315e-03 1.458148115343963207e-04
1.000000000000000056e-01 3.939995242417486387e-02 1.244135288889651513e-04
5.000000000000000000e-01 8.383975897366227614e-02 8.381461223431515954e-05
8.000000000000000444e-01 9.319740406496208884e-02 4.240601031185351703e-05
1.000000000000000000e+00 9.518549529014552757e-02 4.625823574139145152e-05
1.252999999999999892e+00 7.709912692399949197e-02 5.042178588416881433e-05
1.500000000000000000e+00 9.914539043888848102e-02 4.368637062885011492e-05
1.752999999999999892e+00 6.394341178779930357e-02 4.628116697649789491e-05
2.000000000000000000e+00 5.092376558428673983e-02 7.802541185466545627e-05
2.299999999999999822e+00 2.004064472134392191e-02 3.769571804733974461e-05
2.500000000000000000e+00 5.982122680866105990e-03 3.341793728600094422e-05
2.700000000000000178e+00 5.532845086551259860e-03 3.256403695047021239e-05
3.000000000000000000e+00 5.021617272836584843e-03 2.902517152990982763e-05
3.529999999999999805e+00 4.349254507728580847e-03 2.803054396595132440e-05
4.000000000000000000e+00 3.965640689349533496e-03 3.012082190258120407e-05
4.530000000000000249e+00 3.650143474892425088e-03 2.770943962726063971e-05
5.000000000000000000e+00 3.441601462345525008e-03 3.412346402255470626e-05
