1.000000000000000021e-02 1.318114856687601071e-04 5.421010862427522170e-20
1.000000000000000056e-01 1.601320880548162098e-04 2.710505431213761085e-20
5.999999999999999778e-01 2.423617802568721260e-04 2.710505431213761085e-20
1.000000000000000000e+00 2.818386538563302118e-04 0.000000000000000000e+00
1.500000000000000000e+00 3.043450259395402572e-04 0.000000000000000000e+00
2.000000000000000000e+00 3.452324984238447358e-04 0.000000000000000000e+00
3.000000000000000000e+00 3.965688227064646148e-04 1.084202172485504434e-19
4.000000000000000000e+00 4.180510111158166676e-04 1.626303258728256651e-19
5.000000000000000000e+00 5.260426411019156982e-04 1.084202172485504434e-19
6.000000000000000000e+00 5.778596607857695378e-04 2.177871320608702946e-06
7.000000000000000000e+00 6.119670654246461058e-04 3.977667848346364786e-06
8.000000000000000000e+00 6.807708119846853567e-04 9.350238884466841239e-06
9.000000000000000000e+00 7.123631740362573392e-04 7.912126325366440548e-06
1.000000000000000000e+01 7.539232784890742339e-04 1.349179369181900571e-05
1.100000000000000000e+01 7.892691931974495697e-04 1.904392377452919903e-05
1.200000000000000000e+01 8.554748903930094878e-04 2.172267076054721992e-05
1.300000000000000000e+01 9.153527880715300446e-04 2.561122649950275999e-05
