1.000000000000000021e-02 -2.085660613805617814e-05 0.000000000000000000e+00
1.000000000000000056e-01 1.178239574777455951e-06 2.117582368135750848e-22
5.999999999999999778e-01 8.037351828396316203e-05 1.355252715606880543e-20
1.000000000000000000e+00 1.075533175809951440e-04 1.355252715606880543e-20
1.500000000000000000e+00 1.253148852677192786e-04 2.710505431213761085e-20
2.000000000000000000e+00 1.313470490676293284e-04 5.421010862427522170e-20
3.000000000000000000e+00 1.314778637996518850e-04 0.000000000000000000e+00
4.000000000000000000e+00 1.359388187732770141e-04 0.000000000000000000e+00
5.000000000000000000e+00 1.294631720814465488e-04 0.000000000000000000e+00
6.000000000000000000e+00 1.325753266525996467e-04 3.229701555864466154e-07
7.000000000000000000e+00 1.357978656357970932e-04 7.176168793980085503e-07
8.000000000000000000e+00 1.310352201039182676e-04 1.084238382396659210e-06
9.000000000000000000e+00 1.317987683250651651e-04 9.027831408865774180e-07
1.000000000000000000e+01 1.292891437725398685e-04 1.684218965631708047e-06
1.100000000000000000e+01 1.309413030050928916e-04 2.330691038953112257e-06
1.200000000000000000e+01 1.258122454167547022e-04 2.670532379890164632e-06
1.300000000000000000e+01 1.196134781599688491e-04 3.139163000432093936e-06
