1.000000000000000021e-02 3.003510431688782290e-01 3.795217557292825637e-03
1.000000000000000056e-01 8.667435029400599733e-02 8.146103662706919530e-04
5.000000000000000000e-01 1.806333803887278516e-02 1.304333357858954026e-04
8.000000000000000444e-01 1.460653927867628342e-02 2.255395774007934613e-04
1.000000000000000000e+00 1.233473101916711043e-02 1.588677642071409640e-04
1.500000000000000000e+00 4.190619490008784011e-03 3.027442488362260388e-05
2.000000000000000000e+00 1.975482691498720023e-03 1.979855552601434565e-05
3.000000000000000000e+00 6.688398165672097481e-04 1.069679193145627999e-05
4.000000000000000000e+00 3.103841960369103665e-04 6.603495786642051957e-06
5.000000000000000000e+00 1.811772985004237368e-04 4.232864009465677483e-06
