1.000000000000000021e-02 9.159754812951923647e-03 2.325108144625809910e-04
1.000000000000000056e-01 6.683428709812809509e-02 2.178386002588752221e-04
2.000000000000000111e-01 7.840812118500523065e-02 1.235807537898120151e-04
5.000000000000000000e-01 2.609747321108841223e-01 2.075987918155006726e-04
8.000000000000000444e-01 4.580890778461710888e-01 2.198329183927293974e-04
1.000000000000000000e+00 5.444850297690833063e-01 2.010199210967186269e-04
1.500000000000000000e+00 7.469639999225775595e-01 2.272523246552463701e-04
2.000000000000000000e+00 8.189610878975663866e-01 2.240993313437178816e-04
2.500000000000000000e+00 8.594799974959994593e-01 9.739632016752371917e-05
3.000000000000000000e+00 8.842170558485724641e-01 7.299355004753960402e-05
3.500000000000000000e+00 9.021581859900382749e-01 9.068733784535337186e-05
4.000000000000000000e+00 9.135753079212954875e-01 7.237338923773348187e-05
4.500000000000000000e+00 9.231507606997801929e-01 9.685716112985399116e-05
5.000000000000000000e+00 9.296633175042302577e-01 7.133369674962482254e-05


