1.000000000000000021e-02 2.978644126629929056e-01 3.697896997609227969e-04
1.000000000000000056e-01 8.599178288531750258e-02 2.476606447090717433e-04
5.000000000000000000e-01 1.815660197448832475e-02 4.108598696295389979e-05
8.000000000000000444e-01 1.497277781514842927e-02 3.364407817059366051e-05
1.000000000000000000e+00 1.259741029344901495e-02 2.689671318783752669e-05
1.500000000000000000e+00 4.180059028580642051e-03 1.911700826384658074e-05
2.000000000000000000e+00 1.999017392245765884e-03 1.538817898495513161e-05
3.000000000000000000e+00 6.572779715725312515e-04 6.813650869214720369e-06
4.000000000000000000e+00 3.028756847627338505e-04 4.785654065130561980e-06
5.000000000000000000e+00 1.788283197576225232e-04 3.099930251051208544e-06
