1.000000000000000021e-02 9.578320668934794252e-03 6.133581419906539536e-05
1.000000000000000056e-01 6.540648014242098074e-02 4.347329863108732905e-05
2.000000000000000111e-01 7.378125046793826414e-02 4.941556448041157151e-05
5.000000000000000000e-01 6.265883808222980078e-02 4.725908970928306170e-05
8.000000000000000444e-01 4.426006009328460611e-02 2.780889313811354152e-05
1.000000000000000000e+00 3.601408862902727437e-02 3.663321779791511265e-05
1.500000000000000000e+00 1.702717634002902380e-02 2.529447165942384388e-05
2.000000000000000000e+00 1.169881621503202074e-02 4.535737601620660136e-05
2.500000000000000000e+00 8.995322786801306439e-03 1.694985374656700624e-05
3.000000000000000000e+00 7.485799578834726256e-03 1.390218409949623731e-05
3.500000000000000000e+00 6.338703475440112846e-03 1.438358260906906255e-05
4.000000000000000000e+00 5.678486291870465247e-03 1.418416808253946906e-05
4.500000000000000000e+00 5.076286020825159472e-03 1.313501061930435938e-05
5.000000000000000000e+00 4.713510627135908924e-03 1.317873395280475843e-05
