1.000000000000000021e-02 5.401410497190210769e-02 4.065745639643765855e-03
1.000000000000000056e-01 1.226580988360150282e-01 5.353188263371502602e-03
8.000000000000000444e-01 6.730136185604328469e-01 2.775453696372887080e-03
1.000000000000000000e+00 7.897985757642114191e-01 1.703934019120836038e-03
1.500000000000000000e+00 9.086988216305630361e-01 1.443060602541293251e-03
2.000000000000000000e+00 9.316612893264812900e-01 1.285230630306554399e-03
2.500000000000000000e+00 9.406050896663450400e-01 1.187390718346766592e-03
3.000000000000000000e+00 9.452085889058289281e-01 1.043568250584547830e-03
4.000000000000000000e+00 9.501331178307951264e-01 8.586404552467863729e-04
5.000000000000000000e+00 9.682469627928793621e-01 1.279858022869860340e-03
