1.000000000000000021e-02 1.068651146545987612e-01 1.648355136651356856e-02
1.000000000000000056e-01 9.939105849183108021e-02 6.089491903224001496e-03
8.000000000000000444e-01 9.814401897035471278e-02 1.851034211965450283e-03
1.000000000000000000e+00 9.338034194741424987e-02 1.524268666127024914e-03
1.500000000000000000e+00 6.687912295149542330e-02 1.219741324255625486e-03
2.000000000000000000e+00 5.025900462467374624e-02 9.312804777502789412e-04
2.500000000000000000e+00 4.016646311797481689e-02 7.846653299036296251e-04
3.000000000000000000e+00 3.345495168237318934e-02 6.255984204987791305e-04
4.000000000000000000e+00 2.513001078037857550e-02 4.850774753028295832e-04
5.000000000000000000e+00 2.013990660701514210e-02 3.958636500371686111e-04
