1.000000000000000056e-01 2.772900000000000365e-01 4.182570979672660741e-03
5.000000000000000000e-01 2.442040000000000044e-01 7.850756906184272119e-03
8.000000000000000444e-01 2.422300000000000009e-01 2.854662852247181245e-03
1.000000000000000000e+00 2.154719999999999969e-01 4.944614848499328912e-03
1.500000000000000000e+00 1.957260000000000111e-01 5.278155359592972239e-03
2.000000000000000000e+00 2.619459999999999567e-01 9.957865433917056572e-03
2.500000000000000000e+00 2.217340000000000422e-01 1.104224814066410987e-02
3.000000000000000000e+00 2.233600000000000030e-01 1.001690570984872797e-02
3.500000000000000000e+00 1.476499999999999757e-01 3.651780387701322305e-03
5.000000000000000000e+00 1.189839999999999925e-01 2.048351532330324690e-03
6.000000000000000000e+00 9.941800000000000637e-02 1.746790199193937838e-03
7.000000000000000000e+00 8.970999999999999808e-02 2.571750376688998387e-03
9.000000000000000000e+00 7.513599999999999446e-02 3.128179023010032710e-03
1.000000000000000000e+01 7.160400000000000098e-02 1.856659365634953825e-03
1.100000000000000000e+01 5.818400000000000655e-02 2.268511406186884440e-03
1.300000000000000000e+01 4.862199999999999855e-02 2.125821253069034439e-03
1.400000000000000000e+01 4.905800000000000438e-02 1.744315338463776075e-03
1.500000000000000000e+01 4.879800000000000804e-02 2.429237740526850667e-03
