1.000000000000000056e-01 2.629980000000000651e-01 5.816012035750962698e-03
5.000000000000000000e-01 2.357879999999999976e-01 4.497449944135001668e-03
8.000000000000000444e-01 2.290700000000000236e-01 4.730443953795454050e-03
1.000000000000000000e+00 2.208040000000000280e-01 3.088297913090641989e-03
1.500000000000000000e+00 1.981620000000000326e-01 2.875370584811635238e-03
2.000000000000000000e+00 1.891560000000000186e-01 3.851189945977739806e-03
2.500000000000000000e+00 1.726479999999999959e-01 4.399101726489163845e-03
3.000000000000000000e+00 1.704440000000000122e-01 3.156400481561227704e-03
3.500000000000000000e+00 1.522000000000000020e-01 3.043024810940590363e-03
5.000000000000000000e+00 1.189839999999999925e-01 2.048351532330324690e-03
6.000000000000000000e+00 9.941800000000000637e-02 1.746790199193937838e-03
7.000000000000000000e+00 8.970999999999999808e-02 2.571750376688998387e-03
9.000000000000000000e+00 7.513599999999999446e-02 3.128179023010032710e-03
1.000000000000000000e+01 7.160400000000000098e-02 1.856659365634953825e-03
1.100000000000000000e+01 5.818400000000000655e-02 2.268511406186884440e-03
1.300000000000000000e+01 4.862199999999999855e-02 2.125821253069034439e-03
1.400000000000000000e+01 4.905800000000000438e-02 1.744315338463776075e-03
1.500000000000000000e+01 4.879800000000000804e-02 2.429237740526850667e-03
