1.000000000000000021e-02 7.810605965903655782e-07 8.400366614849594043e-07
1.000000000000000056e-01 5.805434360890297839e-05 8.620576000919886324e-07
5.999999999999999778e-01 1.437873779878850349e-04 5.081135982126369711e-07
1.000000000000000000e+00 1.466364328367911858e-04 7.844514160197865983e-07
1.500000000000000000e+00 1.203164629268645711e-04 8.671542297045412738e-07
2.000000000000000000e+00 9.471095421936649261e-05 4.722104180723224776e-07
3.000000000000000000e+00 6.503847044672206139e-05 4.459379051906912622e-07
4.000000000000000000e+00 4.260417805348105816e-05 6.082495866448632731e-07
5.000000000000000000e+00 2.943613209772351434e-05 4.786993220487821567e-07
6.000000000000000000e+00 2.603004012593612598e-05 2.903215610583657247e-07
7.000000000000000000e+00 2.221021918294034453e-05 3.434534233883215111e-07
8.000000000000000000e+00 1.672396447513424062e-05 3.367363837347327813e-07
9.000000000000000000e+00 1.430777068405410635e-05 4.103725731254013792e-07
1.000000000000000000e+01 1.147324937223996323e-05 3.779990297142055764e-07
1.100000000000000000e+01 1.000669324610109392e-05 2.752657146479134143e-07
1.200000000000000000e+01 9.077012125896999760e-06 4.087861246114579091e-07
1.300000000000000000e+01 7.694665902326394376e-06 2.963511170923933005e-07
