1.000000000000000000e+00 2.853645910422425739e-04 1.287340950706492013e-06
2.000000000000000000e+00 1.771265075776718399e-04 5.687780668215250933e-07
3.000000000000000000e+00 1.844856027924680604e-04 2.149749901185296823e-07
4.000000000000000000e+00 1.993680969797508962e-04 1.923199832775423183e-07
5.000000000000000000e+00 2.098407014362057329e-04 7.208229584487639865e-07
6.000000000000000000e+00 2.085835980328964025e-04 2.609059197987058971e-07
7.000000000000000000e+00 2.135009919222785667e-04 3.150399742189388054e-07
8.000000000000000000e+00 2.130586945941392234e-04 2.795480030405830365e-07
9.000000000000000000e+00 2.133647526458891744e-04 2.905935135108618709e-07
1.000000000000000000e+01 2.159838243664168403e-04 3.054103708635659173e-07
1.100000000000000000e+01 2.189306104125592230e-04 3.261359210989138681e-07
1.200000000000000000e+01 2.178072511501984675e-04 3.165113133084562244e-07
1.300000000000000000e+01 2.179381368310387001e-04 3.089508971256347806e-07
1.400000000000000000e+01 2.188167887593747230e-04 3.100302293675350216e-07
1.500000000000000000e+01 2.241142723123732826e-04 3.533361154753805146e-07
