1.000000000000000021e-03 4.082207881587999890e-04
2.000000000000000042e-03 8.070490861514000372e-04
3.000000000000000062e-03 1.211804452051000068e-03
4.000000000000000083e-03 1.616412261191999900e-03
5.000000000000000104e-03 2.020825264567099964e-03
6.000000000000000125e-03 2.425043145846099944e-03
7.000000000000000146e-03 2.829065953593599882e-03
8.000000000000000167e-03 3.232893739272599872e-03
8.999999999999999320e-03 3.636526554435600030e-03
1.000000000000000021e-02 4.039964450702600296e-03
1.099999999999999936e-02 4.443207479760700150e-03
1.200000000000000025e-02 4.846255693364399583e-03
1.299999999999999940e-02 5.249109143334799825e-03
1.400000000000000029e-02 5.651767881559999727e-03
1.499999999999999944e-02 6.054231959995100103e-03
1.600000000000000033e-02 6.456501430661500292e-03
1.700000000000000122e-02 6.858576345647299753e-03
1.799999999999999864e-02 7.260456757107100305e-03
1.899999999999999953e-02 7.662142717261799692e-03
2.000000000000000042e-02 8.063634278398299285e-03
2.100000000000000130e-02 8.464931492869800719e-03
2.199999999999999872e-02 8.866034413095500583e-03
2.299999999999999961e-02 9.266943091560200102e-03
2.400000000000000050e-02 9.667657580814899287e-03
2.500000000000000139e-02 1.006817793347590008e-02
2.599999999999999881e-02 1.046850420222500064e-02
2.699999999999999969e-02 1.086863643980980065e-02
2.800000000000000058e-02 1.126857469904279929e-02
2.900000000000000147e-02 1.166831903280179938e-02
2.999999999999999889e-02 1.206786949402999937e-02
3.099999999999999978e-02 1.246722613573509990e-02
3.200000000000000067e-02 1.286638901098999949e-02
3.300000000000000155e-02 1.326535817293219947e-02
3.400000000000000244e-02 1.366413367476380057e-02
3.500000000000000333e-02 1.406271556975170062e-02
3.599999999999999728e-02 1.446110391122680007e-02
3.699999999999999817e-02 1.485929875258460049e-02
3.799999999999999906e-02 1.525730014728469974e-02
3.899999999999999994e-02 1.565510814885080065e-02
4.000000000000000083e-02 1.605272281087050112e-02
4.100000000000000172e-02 1.645014418699540168e-02
4.200000000000000261e-02 1.684737233094050005e-02
4.299999999999999656e-02 1.724440729648479831e-02
4.399999999999999745e-02 1.764124913747069923e-02
4.499999999999999833e-02 1.803789790780399929e-02
4.599999999999999922e-02 1.843435366145360077e-02
4.700000000000000011e-02 1.883061645245179966e-02
4.800000000000000100e-02 1.922668633489390058e-02
4.900000000000000189e-02 1.962256336293819944e-02
5.000000000000000278e-02 2.001824759080569893e-02
5.099999999999999672e-02 2.041373907278029934e-02
5.199999999999999761e-02 2.080903786320829896e-02
5.299999999999999850e-02 2.120414401649869940e-02
5.399999999999999939e-02 2.159905758712279966e-02
5.500000000000000028e-02 2.199377862961409899e-02
5.600000000000000117e-02 2.238830719856840096e-02
5.700000000000000205e-02 2.278264334864350121e-02
5.800000000000000294e-02 2.317678713455900014e-02
5.899999999999999689e-02 2.357073861109660121e-02
5.999999999999999778e-02 2.396449783309939977e-02
6.099999999999999867e-02 2.435806485547229935e-02
6.199999999999999956e-02 2.475143973318159885e-02
6.300000000000000044e-02 2.514462252125510000e-02
6.400000000000000133e-02 2.553761327478160092e-02
6.500000000000000222e-02 2.593041204891120138e-02
6.600000000000000311e-02 2.632301889885500096e-02
6.700000000000000400e-02 2.671543387988509904e-02
6.800000000000000488e-02 2.710765704733440057e-02
6.900000000000000577e-02 2.749968845659619965e-02
7.000000000000000666e-02 2.789152816312480063e-02
7.099999999999999367e-02 2.828317622243469928e-02
7.199999999999999456e-02 2.867463269010080140e-02
7.299999999999999545e-02 2.906589762175830136e-02
7.399999999999999634e-02 2.945697107310230045e-02
7.499999999999999722e-02 2.984785309988829960e-02
7.599999999999999811e-02 3.023854375793130073e-02
7.699999999999999900e-02 3.062904310310640005e-02
7.799999999999999989e-02 3.101935119134810112e-02
7.900000000000000078e-02 3.140946807865060281e-02
8.000000000000000167e-02 3.179939382106759804e-02
8.100000000000000255e-02 3.218912847471200323e-02
8.200000000000000344e-02 3.257867209575600331e-02
8.300000000000000433e-02 3.296802474043079856e-02
8.400000000000000522e-02 3.335718646502670165e-02
8.500000000000000611e-02 3.374615732589290179e-02
8.599999999999999312e-02 3.413493737943720102e-02
8.699999999999999400e-02 3.452352668212609749e-02
8.799999999999999489e-02 3.491192529048479931e-02
8.899999999999999578e-02 3.530013326109669725e-02
8.999999999999999667e-02 3.568815065060360059e-02
9.099999999999999756e-02 3.607597751570550126e-02
9.199999999999999845e-02 3.646361391316049749e-02
9.299999999999999933e-02 3.685105989978469665e-02
9.400000000000000022e-02 3.723831553245190301e-02
9.500000000000000111e-02 3.762538086809370103e-02
9.600000000000000200e-02 3.801225596369930265e-02
9.700000000000000289e-02 3.839894087631570002e-02
9.800000000000000377e-02 3.878543566304690215e-02
9.900000000000000466e-02 3.917174038105430273e-02
1.000000000000000056e-01 3.955785508755659680e-02
1.010000000000000064e-01 3.994377983982939917e-02
1.019999999999999934e-01 4.032951469520529991e-02
1.029999999999999943e-01 4.071505971107389904e-02
1.039999999999999952e-01 4.110041494488109876e-02
1.049999999999999961e-01 4.148558045412990142e-02
1.059999999999999970e-01 4.187055629637929932e-02
1.069999999999999979e-01 4.225534252924510042e-02
1.079999999999999988e-01 4.263993921039919976e-02
1.089999999999999997e-01 4.302434639756939905e-02
1.100000000000000006e-01 4.340856414853989931e-02
1.110000000000000014e-01 4.379259252115069723e-02
1.120000000000000023e-01 4.417643157329750186e-02
1.130000000000000032e-01 4.456008136293179711e-02
1.140000000000000041e-01 4.494354194806059882e-02
1.150000000000000050e-01 4.532681338674630217e-02
1.160000000000000059e-01 4.570989573710709797e-02
1.170000000000000068e-01 4.609278905731570286e-02
1.179999999999999938e-01 4.647549340560049730e-02
1.189999999999999947e-01 4.685800884024469981e-02
1.199999999999999956e-01 4.724033541958629762e-02
1.209999999999999964e-01 4.762247320201840051e-02
1.219999999999999973e-01 4.800442224598829716e-02
1.229999999999999982e-01 4.838618260999830167e-02
1.239999999999999991e-01 4.876775435260490010e-02
1.250000000000000000e-01 4.914913753241890310e-02
1.260000000000000009e-01 4.953033220810550141e-02
1.270000000000000018e-01 4.991133843838369694e-02
1.280000000000000027e-01 5.029215628202680227e-02
1.290000000000000036e-01 5.067278579786180237e-02
1.300000000000000044e-01 5.105322704476940310e-02
1.310000000000000053e-01 5.143348008168419777e-02
1.320000000000000062e-01 5.181354496759400102e-02
1.330000000000000071e-01 5.219342176154009860e-02
1.340000000000000080e-01 5.257311052261740003e-02
1.350000000000000089e-01 5.295261130997359900e-02
1.360000000000000098e-01 5.333192418280970071e-02
1.370000000000000107e-01 5.371104920037950148e-02
1.380000000000000115e-01 5.408998642198969975e-02
1.390000000000000124e-01 5.446873590699990303e-02
1.400000000000000133e-01 5.484729771482210053e-02
1.409999999999999865e-01 5.522567190492089911e-02
1.419999999999999873e-01 5.560385853681319712e-02
1.429999999999999882e-01 5.598185767006830238e-02
1.439999999999999891e-01 5.635966936430759910e-02
1.449999999999999900e-01 5.673729367920460342e-02
1.459999999999999909e-01 5.711473067448469970e-02
1.469999999999999918e-01 5.749198040992500175e-02
1.479999999999999927e-01 5.786904294535449855e-02
1.489999999999999936e-01 5.824591834065370038e-02
1.499999999999999944e-01 5.862260665575459717e-02
1.509999999999999953e-01 5.899910795064060298e-02
1.519999999999999962e-01 5.937542228534629929e-02
1.529999999999999971e-01 5.975154971995740028e-02
1.539999999999999980e-01 6.012749031461069732e-02
1.549999999999999989e-01 6.050324412949389941e-02
1.559999999999999998e-01 6.087881122484550128e-02
1.570000000000000007e-01 6.125419166095470019e-02
1.580000000000000016e-01 6.162938549816120160e-02
1.590000000000000024e-01 6.200199618428779702e-02
1.600000000000000033e-01 6.237919959462189662e-02
1.610000000000000042e-01 6.275146037243879704e-02
1.620000000000000051e-01 6.312828215000750032e-02
1.630000000000000060e-01 6.350017928332929440e-02
1.640000000000000069e-01 6.387423069844179457e-02
1.650000000000000078e-01 6.424812433657900446e-02
1.660000000000000087e-01 6.462183219873600393e-02
1.670000000000000095e-01 6.499535400573640265e-02
1.680000000000000104e-01 6.536868981430800363e-02
1.690000000000000113e-01 6.574183968529029309e-02
1.700000000000000122e-01 6.611480367962090099e-02
1.710000000000000131e-01 6.648758185828730627e-02
1.719999999999999862e-01 6.686017428232610138e-02
1.729999999999999871e-01 6.723258101282250654e-02
1.739999999999999880e-01 6.760480211091070279e-02
1.749999999999999889e-01 6.797683763777349897e-02
1.759999999999999898e-01 6.834868765464220675e-02
1.769999999999999907e-01 6.872035222279640476e-02
1.779999999999999916e-01 6.909183140356439656e-02
1.789999999999999925e-01 6.946312525832229468e-02
1.799999999999999933e-01 6.983423384849439530e-02
1.809999999999999942e-01 7.020515723555330323e-02
1.819999999999999951e-01 7.057589548101890486e-02
1.829999999999999960e-01 7.094644864645920090e-02
1.839999999999999969e-01 7.131681679349000103e-02
1.849999999999999978e-01 7.168699998377420224e-02
1.859999999999999987e-01 7.205699827902230237e-02
1.869999999999999996e-01 7.242681174099209473e-02
1.880000000000000004e-01 7.279644043148879307e-02
1.890000000000000013e-01 7.316588441236419882e-02
1.900000000000000022e-01 7.353514374551750610e-02
1.910000000000000031e-01 7.390421849289449674e-02
1.920000000000000040e-01 7.427310871648780399e-02
1.930000000000000049e-01 7.464181447833670435e-02
1.940000000000000058e-01 7.501033584052679837e-02
1.950000000000000067e-01 7.537867286519039922e-02
1.960000000000000075e-01 7.574682561450570006e-02
1.970000000000000084e-01 7.611479415069739851e-02
1.980000000000000093e-01 7.648257853603609990e-02
1.990000000000000102e-01 7.685017883283840057e-02
2.000000000000000111e-01 7.721759510346669353e-02
2.010000000000000120e-01 7.758482741032909913e-02
2.020000000000000129e-01 7.795187581587929848e-02
2.030000000000000138e-01 7.831874038261650572e-02
2.039999999999999869e-01 7.868542117308539863e-02
2.049999999999999878e-01 7.905191824987579940e-02
2.059999999999999887e-01 7.941823167562270247e-02
2.069999999999999896e-01 7.978436151300620505e-02
2.079999999999999905e-01 8.015030782475139615e-02
2.089999999999999913e-01 8.051607067362780146e-02
2.099999999999999922e-01 8.088165012245020213e-02
2.109999999999999931e-01 8.124704623407770498e-02
2.119999999999999940e-01 8.161225907141370084e-02
2.129999999999999949e-01 8.197728869740629476e-02
2.139999999999999958e-01 8.234213517504769542e-02
2.149999999999999967e-01 8.270679856737429836e-02
2.159999999999999976e-01 8.307127893746629743e-02
2.169999999999999984e-01 8.343557634844819826e-02
2.179999999999999993e-01 8.379969086348799945e-02
2.190000000000000002e-01 8.416362254579759505e-02
2.200000000000000011e-01 8.452737145863239987e-02
2.210000000000000020e-01 8.489093766529109963e-02
2.220000000000000029e-01 8.525432122911609512e-02
2.230000000000000038e-01 8.561752221349279435e-02
2.240000000000000047e-01 8.598054068184980692e-02
2.250000000000000056e-01 8.634337669765869416e-02
2.260000000000000064e-01 8.670603032443409408e-02
2.270000000000000073e-01 8.706850162573340213e-02
2.280000000000000082e-01 8.743079066515649367e-02
2.290000000000000091e-01 8.779289750634609868e-02
2.300000000000000100e-01 8.815482221298709398e-02
2.310000000000000109e-01 8.851656484880709996e-02
2.320000000000000118e-01 8.887812547757580062e-02
2.330000000000000127e-01 8.923950416310480471e-02
2.340000000000000135e-01 8.960070096924800664e-02
2.349999999999999867e-01 8.996171595990119785e-02
2.359999999999999876e-01 9.032254919900180312e-02
2.369999999999999885e-01 9.068320075052910267e-02
2.379999999999999893e-01 9.104367067850380191e-02
2.389999999999999902e-01 9.140395904698810081e-02
2.399999999999999911e-01 9.176406592008569396e-02
2.409999999999999920e-01 9.212399136194129867e-02
2.419999999999999929e-01 9.248373543674090480e-02
2.429999999999999938e-01 9.284329820871149719e-02
2.439999999999999947e-01 9.320267974212090301e-02
2.449999999999999956e-01 9.356188010127780563e-02
2.459999999999999964e-01 9.392089935053160588e-02
2.469999999999999973e-01 9.427973755427210278e-02
2.479999999999999982e-01 9.463839477692970181e-02
2.489999999999999991e-01 9.499687108297530380e-02
2.500000000000000000e-01 9.535516653691969435e-02
2.510000000000000009e-01 9.571328120331409894e-02
2.520000000000000018e-01 9.607121514674950291e-02
2.530000000000000027e-01 9.642896843185699840e-02
2.540000000000000036e-01 9.678654112330739578e-02
2.550000000000000044e-01 9.714393328581130693e-02
2.560000000000000053e-01 9.750114498411870112e-02
2.570000000000000062e-01 9.785817628301909932e-02
2.580000000000000071e-01 9.821502724734160195e-02
2.590000000000000080e-01 9.857169794195409784e-02
2.600000000000000089e-01 9.892818843176399979e-02
2.610000000000000098e-01 9.928449878171770326e-02
2.620000000000000107e-01 9.964062905680029503e-02
2.630000000000000115e-01 9.999657932203580291e-02
2.640000000000000124e-01 1.003523496424869044e-01
2.650000000000000133e-01 1.007079400832551069e-01
2.660000000000000142e-01 1.010633507094799016e-01
2.670000000000000151e-01 1.014185815863397067e-01
2.680000000000000160e-01 1.017736327790507017e-01
2.690000000000000169e-01 1.021285043528673969e-01
2.700000000000000178e-01 1.024831963730824941e-01
2.710000000000000187e-01 1.028377089050264009e-01
2.720000000000000195e-01 1.031920420140673977e-01
2.730000000000000204e-01 1.035461957656115956e-01
2.740000000000000213e-01 1.039001702251025061e-01
2.750000000000000222e-01 1.042539654580211944e-01
2.760000000000000231e-01 1.046075815298860984e-01
2.770000000000000240e-01 1.049610185062529039e-01
2.780000000000000249e-01 1.053142764527146003e-01
2.790000000000000258e-01 1.056673554349011057e-01
2.800000000000000266e-01 1.060202555184791978e-01
2.810000000000000275e-01 1.063729767691524997e-01
2.819999999999999729e-01 1.067255192526616048e-01
2.829999999999999738e-01 1.070778830347833971e-01
2.839999999999999747e-01 1.074300681813313979e-01
2.849999999999999756e-01 1.077820747581555022e-01
2.859999999999999765e-01 1.081339028311420064e-01
2.869999999999999774e-01 1.084855524662130949e-01
2.879999999999999782e-01 1.088370237293272980e-01
2.889999999999999791e-01 1.091883166864790061e-01
2.899999999999999800e-01 1.095394314036983036e-01
2.909999999999999809e-01 1.098903679470513012e-01
2.919999999999999818e-01 1.102411263826395954e-01
2.929999999999999827e-01 1.105917067766001988e-01
2.939999999999999836e-01 1.109421091951055954e-01
2.949999999999999845e-01 1.112923337043637967e-01
2.959999999999999853e-01 1.116423803706176054e-01
2.969999999999999862e-01 1.119922492601452962e-01
2.979999999999999871e-01 1.123419404392598936e-01
2.989999999999999880e-01 1.126914539743092969e-01
2.999999999999999889e-01 1.130407899316762943e-01
3.009999999999999898e-01 1.133899483777782990e-01
3.019999999999999907e-01 1.137389293790670025e-01
3.029999999999999916e-01 1.140877330020289987e-01
3.039999999999999925e-01 1.144363593131847989e-01
3.049999999999999933e-01 1.147848083790894980e-01
3.059999999999999942e-01 1.151330802663318997e-01
3.069999999999999951e-01 1.154811750415351002e-01
3.079999999999999960e-01 1.158290927713560015e-01
3.089999999999999969e-01 1.161768335224853954e-01
3.099999999999999978e-01 1.165243973616475054e-01
3.109999999999999987e-01 1.168717843556004998e-01
3.119999999999999996e-01 1.172189945711357012e-01
3.130000000000000004e-01 1.175660280750779052e-01
3.140000000000000013e-01 1.179128849342852003e-01
3.150000000000000022e-01 1.182595652156485933e-01
3.160000000000000031e-01 1.186060689860926054e-01
3.170000000000000040e-01 1.189523963125742045e-01
3.180000000000000049e-01 1.192985472620834014e-01
3.190000000000000058e-01 1.196445219016429029e-01
3.200000000000000067e-01 1.199903202983080980e-01
3.210000000000000075e-01 1.203359425191665999e-01
3.220000000000000084e-01 1.206813886313388984e-01
3.230000000000000093e-01 1.210266587019771939e-01
3.240000000000000102e-01 1.213717527982663968e-01
3.250000000000000111e-01 1.217166709874231006e-01
3.260000000000000120e-01 1.220614133366960952e-01
3.270000000000000129e-01 1.224059799133661031e-01
3.280000000000000138e-01 1.227503707847452941e-01
3.290000000000000147e-01 1.230945860181776041e-01
3.300000000000000155e-01 1.234386256810388049e-01
3.310000000000000164e-01 1.237824898407356988e-01
3.320000000000000173e-01 1.241261785647066046e-01
3.330000000000000182e-01 1.244696919204210939e-01
3.340000000000000191e-01 1.248130299753797967e-01
3.350000000000000200e-01 1.251561927971144017e-01
3.360000000000000209e-01 1.254991804531873922e-01
3.370000000000000218e-01 1.258419930111923102e-01
3.380000000000000226e-01 1.261846305387530898e-01
3.390000000000000235e-01 1.265270931035243906e-01
3.400000000000000244e-01 1.268693807731912926e-01
3.410000000000000253e-01 1.272114936154696008e-01
3.420000000000000262e-01 1.275534316981047078e-01
3.430000000000000271e-01 1.278951950888728983e-01
3.439999999999999725e-01 1.282367838555799888e-01
3.449999999999999734e-01 1.285781980660619939e-01
3.459999999999999742e-01 1.289194377881847930e-01
3.469999999999999751e-01 1.292605030898439922e-01
3.479999999999999760e-01 1.296013940389647012e-01
3.489999999999999769e-01 1.299421107035018119e-01
3.499999999999999778e-01 1.302826531514393038e-01
3.509999999999999787e-01 1.306230214507909104e-01
3.519999999999999796e-01 1.309632156695992034e-01
3.529999999999999805e-01 1.313032358759360085e-01
3.539999999999999813e-01 1.316430821379024063e-01
3.549999999999999822e-01 1.319827545236278987e-01
3.559999999999999831e-01 1.323222531012712977e-01
3.569999999999999840e-01 1.326615779390196981e-01
3.579999999999999849e-01 1.330007291050890883e-01
3.589999999999999858e-01 1.333397066677237119e-01
3.599999999999999867e-01 1.336785106951962898e-01
3.609999999999999876e-01 1.340171412558079922e-01
3.619999999999999885e-01 1.343555984178879947e-01
3.629999999999999893e-01 1.346938822497933952e-01
3.639999999999999902e-01 1.350319928199096020e-01
3.649999999999999911e-01 1.353699301966496960e-01
3.659999999999999920e-01 1.357076944484545966e-01
3.669999999999999929e-01 1.360452856437927016e-01
3.679999999999999938e-01 1.363827038511601919e-01
3.689999999999999947e-01 1.367199491390805044e-01
3.699999999999999956e-01 1.370570215761046928e-01
3.709999999999999964e-01 1.373939212308107061e-01
3.719999999999999973e-01 1.377306481718039988e-01
3.729999999999999982e-01 1.380672024677166987e-01
3.739999999999999991e-01 1.384035841872081896e-01
3.750000000000000000e-01 1.387397933989643894e-01
3.760000000000000009e-01 1.390758301716983059e-01
3.770000000000000018e-01 1.394116945741492863e-01
3.780000000000000027e-01 1.397473866750832128e-01
3.790000000000000036e-01 1.400829065432923903e-01
3.800000000000000044e-01 1.404182542475957973e-01
3.810000000000000053e-01 1.407534298568380027e-01
3.820000000000000062e-01 1.410884334398903039e-01
3.830000000000000071e-01 1.414232650656495061e-01
3.840000000000000080e-01 1.417579248030386985e-01
3.850000000000000089e-01 1.420924127210065890e-01
3.860000000000000098e-01 1.424267288885275040e-01
3.870000000000000107e-01 1.427608733746016934e-01
3.880000000000000115e-01 1.430948462482543870e-01
3.890000000000000124e-01 1.434286475785369053e-01
3.900000000000000133e-01 1.437622774345251875e-01
3.910000000000000142e-01 1.440957358853207915e-01
3.920000000000000151e-01 1.444290230000501996e-01
3.930000000000000160e-01 1.447621388478649018e-01
3.940000000000000169e-01 1.450950834979413961e-01
3.950000000000000178e-01 1.454278570194806885e-01
3.960000000000000187e-01 1.457604594817087929e-01
3.970000000000000195e-01 1.460928909538760923e-01
3.980000000000000204e-01 1.464251515052575059e-01
3.990000000000000213e-01 1.467572412051524056e-01
4.000000000000000222e-01 1.470891601228843104e-01
4.010000000000000231e-01 1.474209083278011090e-01
4.020000000000000240e-01 1.477524858892745041e-01
4.030000000000000249e-01 1.480838928767004015e-01
4.040000000000000258e-01 1.484151293594986043e-01
4.050000000000000266e-01 1.487461954071123971e-01
4.060000000000000275e-01 1.490770910890091006e-01
4.069999999999999729e-01 1.494078164746792947e-01
4.079999999999999738e-01 1.497383716336372905e-01
4.089999999999999747e-01 1.500687566354207969e-01
4.099999999999999756e-01 1.503989715495903934e-01
4.109999999999999765e-01 1.507290164457303072e-01
4.119999999999999774e-01 1.510588913934474975e-01
4.129999999999999782e-01 1.513885964623722102e-01
4.139999999999999791e-01 1.517181317221572012e-01
4.149999999999999800e-01 1.520474972424784021e-01
4.159999999999999809e-01 1.523766930930340047e-01
4.169999999999999818e-01 1.527057193435452098e-01
4.179999999999999827e-01 1.530345760637552011e-01
4.189999999999999836e-01 1.533632633234300047e-01
4.199999999999999845e-01 1.536917811923577126e-01
4.209999999999999853e-01 1.540201297403483993e-01
4.219999999999999862e-01 1.543483090372345934e-01
4.229999999999999871e-01 1.546763191528706949e-01
4.239999999999999880e-01 1.550041601571326977e-01
4.249999999999999889e-01 1.553318321199186891e-01
4.259999999999999898e-01 1.556593351111484058e-01
4.269999999999999907e-01 1.559866692007630118e-01
4.279999999999999916e-01 1.563138344587252093e-01
4.289999999999999925e-01 1.566408309550192945e-01
4.299999999999999933e-01 1.569676587596506023e-01
4.309999999999999942e-01 1.572943179426455895e-01
4.319999999999999951e-01 1.576208085740521125e-01
4.329999999999999960e-01 1.579471307239387889e-01
4.339999999999999969e-01 1.582732844623951918e-01
4.349999999999999978e-01 1.585992698595317107e-01
4.359999999999999987e-01 1.589250869854793025e-01
4.369999999999999996e-01 1.592507359103897124e-01
4.380000000000000004e-01 1.595762167044351976e-01
4.390000000000000013e-01 1.599015294378081931e-01
4.400000000000000022e-01 1.602266741807215900e-01
4.410000000000000031e-01 1.605516510034085964e-01
4.420000000000000040e-01 1.608764599761222935e-01
4.430000000000000049e-01 1.612011011691359130e-01
4.440000000000000058e-01 1.615255746527425040e-01
4.450000000000000067e-01 1.618498804972550997e-01
4.460000000000000075e-01 1.621740187730064120e-01
4.470000000000000084e-01 1.624979895503484983e-01
4.480000000000000093e-01 1.628217928996535113e-01
4.490000000000000102e-01 1.631454288913123940e-01
4.500000000000000111e-01 1.634688975957359069e-01
4.510000000000000120e-01 1.637921990833537955e-01
4.520000000000000129e-01 1.641153334246150952e-01
4.530000000000000138e-01 1.644383006899877986e-01
4.540000000000000147e-01 1.647611009499587997e-01
4.550000000000000155e-01 1.650837342750338943e-01
4.560000000000000164e-01 1.654062007357378072e-01
4.570000000000000173e-01 1.657285004026136099e-01
4.580000000000000182e-01 1.660506333462231088e-01
4.590000000000000191e-01 1.663725996371464011e-01
4.600000000000000200e-01 1.666943993459825135e-01
4.610000000000000209e-01 1.670160325433479864e-01
4.620000000000000218e-01 1.673374992998780120e-01
4.630000000000000226e-01 1.676587996862257957e-01
4.640000000000000235e-01 1.679799337730623898e-01
4.650000000000000244e-01 1.683009016310769990e-01
4.660000000000000253e-01 1.686217033309763969e-01
4.670000000000000262e-01 1.689423389434850931e-01
4.680000000000000271e-01 1.692628085393453052e-01
4.689999999999999725e-01 1.695831121893165983e-01
4.699999999999999734e-01 1.699032499641761895e-01
4.709999999999999742e-01 1.702232219347183939e-01
4.719999999999999751e-01 1.705430281717550955e-01
4.729999999999999760e-01 1.708626687461146931e-01
4.739999999999999769e-01 1.711821437286432102e-01
4.749999999999999778e-01 1.715014531902034900e-01
4.759999999999999787e-01 1.718205972016748906e-01
4.769999999999999796e-01 1.721395758339540893e-01
4.779999999999999805e-01 1.724583891579538897e-01
4.789999999999999813e-01 1.727770372446039981e-01
4.799999999999999822e-01 1.730955201648504138e-01
4.809999999999999831e-01 1.734138379896557058e-01
4.819999999999999840e-01 1.737319907899985139e-01
4.829999999999999849e-01 1.740499786368737978e-01
4.839999999999999858e-01 1.743678016012925880e-01
4.849999999999999867e-01 1.746854597542820131e-01
4.859999999999999876e-01 1.750029531668848004e-01
4.869999999999999885e-01 1.753202819101599974e-01
4.879999999999999893e-01 1.756374460551818895e-01
4.889999999999999902e-01 1.759544456730406936e-01
4.899999999999999911e-01 1.762712808348421978e-01
4.909999999999999920e-01 1.765879516117072889e-01
4.919999999999999929e-01 1.769044580747725082e-01
4.929999999999999938e-01 1.772208002951896899e-01
4.939999999999999947e-01 1.775369783441257121e-01
4.949999999999999956e-01 1.778529922927624962e-01
4.959999999999999964e-01 1.781688422122970072e-01
4.969999999999999973e-01 1.784845281739410872e-01
4.979999999999999982e-01 1.788000502489213994e-01
4.989999999999999991e-01 1.791154085084794012e-01
5.000000000000000000e-01 1.794306030238708993e-01
5.010000000000000009e-01 1.797456338663666053e-01
5.020000000000000018e-01 1.800605011072513029e-01
5.030000000000000027e-01 1.803752048178242084e-01
5.040000000000000036e-01 1.806897450693988882e-01
5.050000000000000044e-01 1.810041219333030915e-01
5.060000000000000053e-01 1.813183354808785008e-01
5.070000000000000062e-01 1.816323857834807876e-01
5.080000000000000071e-01 1.819462729124796119e-01
5.090000000000000080e-01 1.822599969392584007e-01
5.100000000000000089e-01 1.825735579352140980e-01
5.110000000000000098e-01 1.828869559717573867e-01
5.120000000000000107e-01 1.832001911203126887e-01
5.130000000000000115e-01 1.835132634523173878e-01
5.140000000000000124e-01 1.838261730392226900e-01
5.150000000000000133e-01 1.841389199524927078e-01
5.160000000000000142e-01 1.844515042636047930e-01
5.170000000000000151e-01 1.847639260440493980e-01
5.180000000000000160e-01 1.850761853653299926e-01
5.190000000000000169e-01 1.853882822989627865e-01
5.200000000000000178e-01 1.857002169164770899e-01
5.210000000000000187e-01 1.860119892894142868e-01
5.220000000000000195e-01 1.863235994893293057e-01
5.230000000000000204e-01 1.866350475877887050e-01
5.240000000000000213e-01 1.869463336563720879e-01
5.250000000000000222e-01 1.872574577666709927e-01
5.260000000000000231e-01 1.875684199902895033e-01
5.270000000000000240e-01 1.878792203988438048e-01
5.280000000000000249e-01 1.881898590639621005e-01
5.290000000000000258e-01 1.885003360572845010e-01
5.300000000000000266e-01 1.888106514504631905e-01
5.310000000000000275e-01 1.891208053151620938e-01
5.320000000000000284e-01 1.894307977230569040e-01
5.330000000000000293e-01 1.897406287458348051e-01
5.340000000000000302e-01 1.900502984551946939e-01
5.350000000000000311e-01 1.903598069228467915e-01
5.360000000000000320e-01 1.906691542205128098e-01
5.370000000000000329e-01 1.909783404199255907e-01
5.380000000000000338e-01 1.912873655928293004e-01
5.390000000000000346e-01 1.915962298109792072e-01
5.400000000000000355e-01 1.919049331461414043e-01
5.410000000000000364e-01 1.922134756700931979e-01
5.420000000000000373e-01 1.925218574546224137e-01
5.430000000000000382e-01 1.928300785715280075e-01
5.440000000000000391e-01 1.931381390926192043e-01
5.450000000000000400e-01 1.934460390897161097e-01
5.460000000000000409e-01 1.937537786346490987e-01
5.470000000000000417e-01 1.940613577992592875e-01
5.480000000000000426e-01 1.943687766553975071e-01
5.490000000000000435e-01 1.946760352749253020e-01
5.500000000000000444e-01 1.949831337297144029e-01
5.510000000000000453e-01 1.952900720916463106e-01
5.520000000000000462e-01 1.955968504326124902e-01
5.530000000000000471e-01 1.959034688245143985e-01
5.540000000000000480e-01 1.962099273392635124e-01
5.550000000000000488e-01 1.965162260487806067e-01
5.560000000000000497e-01 1.968223650249961987e-01
5.570000000000000506e-01 1.971283443398506030e-01
5.580000000000000515e-01 1.974341640652930996e-01
5.590000000000000524e-01 1.977398242732827938e-01
5.600000000000000533e-01 1.980453250357878114e-01
5.610000000000000542e-01 1.983506664247854934e-01
5.620000000000000551e-01 1.986558485122623119e-01
5.629999999999999449e-01 1.989608713702138987e-01
5.639999999999999458e-01 1.992657350706444896e-01
5.649999999999999467e-01 1.995704396855675078e-01
5.659999999999999476e-01 1.998749852870048971e-01
5.669999999999999485e-01 2.001793719469875110e-01
5.679999999999999494e-01 2.004835997375543910e-01
5.689999999999999503e-01 2.007876687307535990e-01
5.699999999999999512e-01 2.010915789986411906e-01
5.709999999999999520e-01 2.013953306132817977e-01
5.719999999999999529e-01 2.016989236467482960e-01
5.729999999999999538e-01 2.020023581711214988e-01
5.739999999999999547e-01 2.023056342584906020e-01
5.749999999999999556e-01 2.026087519809526005e-01
5.759999999999999565e-01 2.029117114106125941e-01
5.769999999999999574e-01 2.032145126195832041e-01
5.779999999999999583e-01 2.035171556799849901e-01
5.789999999999999591e-01 2.038196406639463942e-01
5.799999999999999600e-01 2.041219676436027974e-01
5.809999999999999609e-01 2.044241366910977964e-01
5.819999999999999618e-01 2.047261478785820099e-01
5.829999999999999627e-01 2.050280012782134120e-01
5.839999999999999636e-01 2.053296969621571932e-01
5.849999999999999645e-01 2.056312350025857882e-01
5.859999999999999654e-01 2.059326154716787927e-01
5.869999999999999662e-01 2.062338384416226023e-01
5.879999999999999671e-01 2.065349039846106072e-01
5.889999999999999680e-01 2.068358121728429977e-01
5.899999999999999689e-01 2.071365630785267919e-01
5.909999999999999698e-01 2.074371567738755862e-01
5.919999999999999707e-01 2.077375933311093881e-01
5.929999999999999716e-01 2.080378728224551999e-01
5.939999999999999725e-01 2.083379953201459911e-01
5.949999999999999734e-01 2.086379608964210874e-01
5.959999999999999742e-01 2.089377696235263926e-01
5.969999999999999751e-01 2.092374215737136112e-01
5.979999999999999760e-01 2.095369168192406095e-01
5.989999999999999769e-01 2.098362554323713880e-01
5.999999999999999778e-01 2.101354374853758866e-01
6.009999999999999787e-01 2.104344630505297076e-01
6.019999999999999796e-01 2.107333322001143094e-01
6.029999999999999805e-01 2.110320450064167019e-01
6.039999999999999813e-01 2.113306015417298900e-01
6.049999999999999822e-01 2.116290018783519022e-01
6.059999999999999831e-01 2.119272460885864018e-01
6.069999999999999840e-01 2.122253342447426028e-01
6.079999999999999849e-01 2.125232664191344933e-01
6.089999999999999858e-01 2.128210426840818070e-01
6.099999999999999867e-01 2.131186631119089125e-01
6.109999999999999876e-01 2.134161277749455909e-01
6.119999999999999885e-01 2.137134367455262862e-01
6.129999999999999893e-01 2.140105900959904939e-01
6.139999999999999902e-01 2.143075878986825111e-01
6.149999999999999911e-01 2.146044302259509928e-01
6.159999999999999920e-01 2.149011171501497008e-01
6.169999999999999929e-01 2.151976487436366992e-01
6.179999999999999938e-01 2.154940250787744094e-01
6.189999999999999947e-01 2.157902462279298883e-01
6.199999999999999956e-01 2.160863122634744948e-01
6.209999999999999964e-01 2.163822232577835014e-01
6.219999999999999973e-01 2.166759283482266873e-01
6.229999999999999982e-01 2.169735705629013967e-01
6.239999999999999991e-01 2.172669849510490137e-01
6.250000000000000000e-01 2.175622574741996884e-01
6.260000000000000009e-01 2.178573987987761917e-01
6.270000000000000018e-01 2.181523857824118062e-01
6.280000000000000027e-01 2.184472182271623986e-01
6.290000000000000036e-01 2.187418962022978919e-01
6.300000000000000044e-01 2.190364197801968893e-01
6.310000000000000053e-01 2.193307890332779897e-01
6.320000000000000062e-01 2.196250040339632892e-01
6.330000000000000071e-01 2.199190648546781035e-01
6.340000000000000080e-01 2.202129715678511068e-01
6.350000000000000089e-01 2.205067242459141097e-01
6.360000000000000098e-01 2.208003229613018092e-01
6.370000000000000107e-01 2.210937677864522888e-01
6.380000000000000115e-01 2.213870587938059908e-01
6.390000000000000124e-01 2.216801960558064111e-01
6.400000000000000133e-01 2.219731796448999872e-01
6.410000000000000142e-01 2.222660096335355995e-01
6.420000000000000151e-01 2.225586860941647094e-01
6.430000000000000160e-01 2.228512090992413874e-01
6.440000000000000169e-01 2.231435787212222022e-01
6.450000000000000178e-01 2.234357950325658870e-01
6.460000000000000187e-01 2.237278581057335902e-01
6.470000000000000195e-01 2.240197680131885138e-01
6.480000000000000204e-01 2.243115248273963025e-01
6.490000000000000213e-01 2.246031286208242106e-01
6.500000000000000222e-01 2.248945794659419073e-01
6.510000000000000231e-01 2.251858774352205883e-01
6.520000000000000240e-01 2.254770226011336975e-01
6.530000000000000249e-01 2.257680150361560112e-01
6.540000000000000258e-01 2.260588548127641095e-01
6.550000000000000266e-01 2.263495420034362937e-01
6.560000000000000275e-01 2.266400766806521139e-01
6.570000000000000284e-01 2.269304589168928965e-01
6.580000000000000293e-01 2.272206887846411894e-01
6.590000000000000302e-01 2.275107663563807059e-01
6.600000000000000311e-01 2.278006917045964086e-01
6.610000000000000320e-01 2.280904649017747032e-01
6.620000000000000329e-01 2.283800860204026895e-01
6.630000000000000338e-01 2.286695551329686882e-01
6.640000000000000346e-01 2.289588723119617975e-01
6.650000000000000355e-01 2.292480376298720035e-01
6.660000000000000364e-01 2.295370511591899865e-01
6.670000000000000373e-01 2.298259129724073979e-01
6.680000000000000382e-01 2.301146231420163057e-01
6.690000000000000391e-01 2.304031817405091109e-01
6.700000000000000400e-01 2.306915888403789916e-01
6.710000000000000409e-01 2.309798445141194867e-01
6.720000000000000417e-01 2.312679488342243017e-01
6.730000000000000426e-01 2.315559018731875862e-01
6.740000000000000435e-01 2.318437037035034065e-01
6.750000000000000444e-01 2.321313543976663007e-01
6.760000000000000453e-01 2.324188540281703907e-01
6.770000000000000462e-01 2.327062026675101869e-01
6.780000000000000471e-01 2.329934003881795057e-01
6.790000000000000480e-01 2.332804472626726910e-01
6.800000000000000488e-01 2.335673433634833096e-01
6.810000000000000497e-01 2.338540887631047061e-01
6.820000000000000506e-01 2.341406835340298920e-01
6.830000000000000515e-01 2.344271277487512128e-01
6.840000000000000524e-01 2.347134214797607921e-01
6.850000000000000533e-01 2.349995647995496983e-01
6.860000000000000542e-01 2.352855577806085008e-01
6.870000000000000551e-01 2.355714004954272134e-01
6.879999999999999449e-01 2.358570930164944901e-01
6.889999999999999458e-01 2.361426354162987074e-01
6.899999999999999467e-01 2.364280277673264929e-01
6.909999999999999476e-01 2.367132701420641139e-01
6.919999999999999485e-01 2.369983626129961995e-01
6.929999999999999494e-01 2.372833052526066022e-01
6.939999999999999503e-01 2.375680981333773978e-01
6.949999999999999512e-01 2.378527413277896907e-01
6.959999999999999520e-01 2.381372349083230033e-01
6.969999999999999529e-01 2.384215789474553038e-01
6.979999999999999538e-01 2.387057735176633111e-01
6.989999999999999547e-01 2.389898186914218015e-01
6.999999999999999556e-01 2.392737145412038025e-01
7.009999999999999565e-01 2.395574611394807873e-01
7.019999999999999574e-01 2.398410585587222865e-01
7.029999999999999583e-01 2.401245068713958875e-01
7.039999999999999591e-01 2.404078061499670960e-01
7.049999999999999600e-01 2.406909564668996970e-01
7.059999999999999609e-01 2.409739578946547001e-01
7.069999999999999618e-01 2.412568105056918100e-01
7.079999999999999627e-01 2.415395143724675120e-01
7.089999999999999636e-01 2.418220695674365983e-01
7.099999999999999645e-01 2.421044761630513908e-01
7.109999999999999654e-01 2.423867342317612972e-01
7.119999999999999662e-01 2.426688438460135877e-01
7.129999999999999671e-01 2.429508050782528961e-01
7.139999999999999680e-01 2.432326180009209138e-01
7.149999999999999689e-01 2.435142826864568066e-01
7.159999999999999698e-01 2.437957992072967983e-01
7.169999999999999707e-01 2.440771676358740871e-01
7.179999999999999716e-01 2.443583880446192902e-01
7.189999999999999725e-01 2.446394605059594995e-01
7.199999999999999734e-01 2.449203850923190873e-01
7.209999999999999742e-01 2.452011618761192058e-01
7.219999999999999751e-01 2.454817909297773992e-01
7.229999999999999760e-01 2.457622723257084085e-01
7.239999999999999769e-01 2.460426061363233108e-01
7.249999999999999778e-01 2.463227924340297137e-01
7.259999999999999787e-01 2.466028312912318110e-01
7.269999999999999796e-01 2.468827227803301050e-01
7.279999999999999805e-01 2.471624669737216007e-01
7.289999999999999813e-01 2.474420639437995006e-01
7.299999999999999822e-01 2.477215137629532049e-01
7.309999999999999831e-01 2.480008165035683110e-01
7.319999999999999840e-01 2.482799722380263086e-01
7.329999999999999849e-01 2.485589810387049958e-01
7.339999999999999858e-01 2.488378429779778966e-01
7.349999999999999867e-01 2.491165581282145103e-01
7.359999999999999876e-01 2.493951265617800062e-01
7.369999999999999885e-01 2.496735483510355014e-01
7.379999999999999893e-01 2.499518235683376999e-01
7.389999999999999902e-01 2.502299522860387815e-01
7.399999999999999911e-01 2.505079345764866794e-01
7.409999999999999920e-01 2.507857705120246083e-01
7.419999999999999929e-01 2.510634601649914810e-01
7.429999999999999938e-01 2.513410036077209919e-01
7.439999999999999947e-01 2.516184009125427834e-01
7.449999999999999956e-01 2.518956521517813907e-01
7.459999999999999964e-01 2.521727573977564085e-01
7.469999999999999973e-01 2.524497167227826022e-01
7.479999999999999982e-01 2.527265301991696855e-01
7.489999999999999991e-01 2.530031978992223762e-01
7.500000000000000000e-01 2.532797198952405071e-01
7.510000000000000009e-01 2.535560962595183043e-01
7.520000000000000018e-01 2.538323270643449980e-01
7.530000000000000027e-01 2.541084123820043783e-01
7.540000000000000036e-01 2.543843522847749061e-01
7.550000000000000044e-01 2.546601468449297134e-01
7.560000000000000053e-01 2.549357961347362145e-01
7.570000000000000062e-01 2.552113002264564945e-01
7.580000000000000071e-01 2.554866591923466990e-01
7.590000000000000080e-01 2.557618731046574778e-01
7.600000000000000089e-01 2.560369420356335968e-01
7.610000000000000098e-01 2.563118660575141039e-01
7.620000000000000107e-01 2.565866452425321076e-01
7.630000000000000115e-01 2.568612796629148876e-01
7.640000000000000124e-01 2.571357693908832842e-01
7.650000000000000133e-01 2.574101144986524758e-01
7.660000000000000142e-01 2.576843150584312014e-01
7.670000000000000151e-01 2.579583711424223158e-01
7.680000000000000160e-01 2.582322828228221789e-01
7.690000000000000169e-01 2.585060501718206005e-01
7.700000000000000178e-01 2.587796732616012840e-01
7.710000000000000187e-01 2.590531521643414936e-01
7.720000000000000195e-01 2.593264869522116101e-01
7.730000000000000204e-01 2.595996776973760189e-01
7.740000000000000213e-01 2.598727244719917784e-01
7.750000000000000222e-01 2.601456273482096737e-01
7.760000000000000231e-01 2.604183863981733849e-01
7.770000000000000240e-01 2.606910016940200969e-01
7.780000000000000249e-01 2.609634733078798896e-01
7.790000000000000258e-01 2.612358013118757927e-01
7.800000000000000266e-01 2.615079857781238970e-01
7.810000000000000275e-01 2.617800267787331880e-01
7.820000000000000284e-01 2.620519243858057123e-01
7.830000000000000293e-01 2.623236786714358004e-01
7.840000000000000302e-01 2.625952897077108994e-01
7.850000000000000311e-01 2.628667575667109069e-01
7.860000000000000320e-01 2.631380823205085040e-01
7.870000000000000329e-01 2.634092640411687114e-01
7.880000000000000338e-01 2.636803028007492777e-01
7.890000000000000346e-01 2.639511986713000136e-01
7.900000000000000355e-01 2.642219517248632910e-01
7.910000000000000364e-01 2.644925620334737104e-01
7.920000000000000373e-01 2.647630296691582119e-01
7.930000000000000382e-01 2.650333547039357973e-01
7.940000000000000391e-01 2.653035372098175859e-01
7.950000000000000400e-01 2.655735772588065924e-01
7.960000000000000409e-01 2.658434749228980043e-01
7.970000000000000417e-01 2.661132302740791822e-01
7.980000000000000426e-01 2.663828433843288268e-01
7.990000000000000435e-01 2.666523143256174788e-01
8.000000000000000444e-01 2.669216431699079073e-01
8.010000000000000453e-01 2.671908299891542771e-01
8.020000000000000462e-01 2.674598748553023153e-01
8.030000000000000471e-01 2.677287778402892005e-01
8.040000000000000480e-01 2.679975390160440063e-01
8.050000000000000488e-01 2.682661584544869804e-01
8.060000000000000497e-01 2.685346362275297105e-01
8.070000000000000506e-01 2.688029724070751803e-01
8.080000000000000515e-01 2.690711670650177134e-01
8.090000000000000524e-01 2.693392202732426965e-01
8.100000000000000533e-01 2.696071321036270230e-01
8.110000000000000542e-01 2.698749026280380936e-01
8.120000000000000551e-01 2.701425319183348162e-01
8.129999999999999449e-01 2.704100200463667725e-01
8.139999999999999458e-01 2.706773670839747181e-01
8.149999999999999467e-01 2.709445731029900273e-01
8.159999999999999476e-01 2.712116381752349148e-01
8.169999999999999485e-01 2.714785623725224917e-01
8.179999999999999494e-01 2.717453457666564876e-01
8.189999999999999503e-01 2.720119884294311952e-01
8.199999999999999512e-01 2.722784904326313038e-01
8.209999999999999520e-01 2.725448518480322879e-01
8.219999999999999529e-01 2.728110727474000186e-01
8.229999999999999538e-01 2.730771532024905968e-01
8.239999999999999547e-01 2.733430932850505757e-01
8.249999999999999556e-01 2.736088930668170160e-01
8.259999999999999565e-01 2.738745526195164870e-01
8.269999999999999574e-01 2.741400720148665093e-01
8.279999999999999583e-01 2.744054513245743898e-01
8.289999999999999591e-01 2.746706906203373877e-01
8.299999999999999600e-01 2.749357899738427147e-01
8.309999999999999609e-01 2.752007494567677015e-01
8.319999999999999618e-01 2.754655691407796869e-01
8.329999999999999627e-01 2.757302490975354070e-01
8.339999999999999636e-01 2.759947893986814949e-01
8.349999999999999645e-01 2.762591901158544805e-01
8.359999999999999654e-01 2.765234513206805134e-01
8.369999999999999662e-01 2.767875730847753069e-01
8.379999999999999671e-01 2.770515554797438051e-01
8.389999999999999680e-01 2.773153985771809049e-01
8.399999999999999689e-01 2.775791024486706227e-01
8.409999999999999698e-01 2.778426671657864278e-01
8.419999999999999707e-01 2.781060928000911869e-01
8.429999999999999716e-01 2.783693794231368868e-01
8.439999999999999725e-01 2.786325271064648001e-01
8.449999999999999734e-01 2.788955359216053198e-01
8.459999999999999742e-01 2.791584059400779028e-01
8.469999999999999751e-01 2.794211372333911814e-01
8.479999999999999760e-01 2.796837298730426857e-01
8.489999999999999769e-01 2.799461839305186772e-01
8.499999999999999778e-01 2.802084994772947035e-01
8.509999999999999787e-01 2.804706765848348216e-01
8.519999999999999796e-01 2.807327153245917084e-01
8.529999999999999805e-01 2.809946157680072165e-01
8.539999999999999813e-01 2.812563779865117075e-01
8.549999999999999822e-01 2.815180020515237747e-01
8.559999999999999831e-01 2.817794880344509090e-01
8.569999999999999840e-01 2.820408360066889997e-01
8.579999999999999849e-01 2.823020460396226117e-01
8.589999999999999858e-01 2.825631182046240975e-01
8.599999999999999867e-01 2.828240525730548738e-01
8.609999999999999876e-01 2.830848492162640895e-01
8.619999999999999885e-01 2.833455082055891805e-01
8.629999999999999893e-01 2.836060296123562030e-01
8.639999999999999902e-01 2.838664135078787787e-01
8.649999999999999911e-01 2.841266599634588164e-01
8.659999999999999920e-01 2.843867690503862899e-01
8.669999999999999929e-01 2.846467408399390164e-01
8.679999999999999938e-01 2.849065754033829889e-01
8.689999999999999947e-01 2.851662728119715995e-01
8.699999999999999956e-01 2.854258331369461943e-01
8.709999999999999964e-01 2.856852564495364066e-01
8.719999999999999973e-01 2.859445428209587137e-01
8.729999999999999982e-01 2.862036923224178797e-01
8.739999999999999991e-01 2.864627050251057905e-01
8.750000000000000000e-01 2.867215810002021747e-01
8.760000000000000009e-01 2.869803203188742158e-01
8.770000000000000018e-01 2.872389230522764958e-01
8.780000000000000027e-01 2.874973892715508850e-01
8.790000000000000036e-01 2.877557190478267080e-01
8.800000000000000044e-01 2.880139124522204108e-01
8.810000000000000053e-01 2.882719695558360051e-01
8.820000000000000062e-01 2.885298904297642908e-01
8.830000000000000071e-01 2.887876751450833002e-01
8.840000000000000080e-01 2.890453237728584091e-01
8.850000000000000089e-01 2.893028363841413930e-01
8.860000000000000098e-01 2.895602130499719262e-01
8.870000000000000107e-01 2.898174538413756940e-01
8.880000000000000115e-01 2.900745588293657251e-01
8.890000000000000124e-01 2.903315280849417812e-01
8.900000000000000133e-01 2.905883616790904123e-01
8.910000000000000142e-01 2.908450596827847900e-01
8.920000000000000151e-01 2.911016221669849857e-01
8.930000000000000160e-01 2.913580492026374147e-01
8.940000000000000169e-01 2.916143408606751142e-01
8.950000000000000178e-01 2.918704972120176877e-01
8.960000000000000187e-01 2.921265183275713051e-01
8.970000000000000195e-01 2.923824042782284804e-01
8.980000000000000204e-01 2.926381551348680166e-01
8.990000000000000213e-01 2.928937709683550050e-01
9.000000000000000222e-01 2.931492518495408817e-01
9.010000000000000231e-01 2.934045978492634821e-01
9.020000000000000240e-01 2.936598090383463755e-01
9.030000000000000249e-01 2.939148854875998085e-01
9.040000000000000258e-01 2.941698272678195947e-01
9.050000000000000266e-01 2.944246344497877255e-01
9.060000000000000275e-01 2.946793071042723144e-01
9.070000000000000284e-01 2.949338453020273754e-01
9.080000000000000293e-01 2.951882491137926001e-01
9.090000000000000302e-01 2.954425186102935807e-01
9.100000000000000311e-01 2.956966538622416985e-01
9.110000000000000320e-01 2.959506549403341791e-01
9.120000000000000329e-01 2.962045219152539266e-01
9.130000000000000338e-01 2.964582548576693011e-01
9.140000000000000346e-01 2.967118538382342852e-01
9.150000000000000355e-01 2.969653189275885952e-01
9.160000000000000364e-01 2.972186501963570149e-01
9.170000000000000373e-01 2.974718477151502838e-01
9.180000000000000382e-01 2.977249115545642089e-01
9.190000000000000391e-01 2.979778417851799976e-01
9.200000000000000400e-01 2.982306384775642027e-01
9.210000000000000409e-01 2.984833017022687773e-01
9.220000000000000417e-01 2.987358315298304090e-01
9.230000000000000426e-01 2.989882280307715190e-01
9.240000000000000435e-01 2.992404912755989854e-01
9.250000000000000444e-01 2.994926213348055866e-01
9.260000000000000453e-01 2.997446182788682800e-01
9.270000000000000462e-01 2.999964821782494795e-01
9.280000000000000471e-01 3.002482131033963886e-01
9.290000000000000480e-01 3.004998111247411119e-01
9.300000000000000488e-01 3.007512763127005995e-01
9.310000000000000497e-01 3.010026087376764803e-01
9.320000000000000506e-01 3.012538084700551733e-01
9.330000000000000515e-01 3.015048755802077762e-01
9.340000000000000524e-01 3.017558101384901215e-01
9.350000000000000533e-01 3.020066122152424981e-01
9.360000000000000542e-01 3.022572818807898742e-01
9.370000000000000551e-01 3.025078192054416748e-01
9.379999999999999449e-01 3.027582242594916151e-01
9.389999999999999458e-01 3.030084971132180893e-01
9.399999999999999467e-01 3.032586378368837821e-01
9.409999999999999476e-01 3.035086465007356127e-01
9.419999999999999485e-01 3.037585231750047909e-01
9.429999999999999494e-01 3.040082679299069834e-01
9.439999999999999503e-01 3.042578808356414810e-01
9.449999999999999512e-01 3.045073619623924754e-01
9.459999999999999520e-01 3.047567113803276162e-01
9.469999999999999529e-01 3.050059291595991207e-01
9.479999999999999538e-01 3.052550153703426083e-01
9.489999999999999547e-01 3.055039700826783777e-01
9.499999999999999556e-01 3.057527933667100184e-01
9.509999999999999565e-01 3.060014852925251883e-01
9.519999999999999574e-01 3.062500459301956135e-01
9.529999999999999583e-01 3.064984753497765890e-01
9.539999999999999591e-01 3.067467736213070895e-01
9.549999999999999600e-01 3.069949408148099912e-01
9.559999999999999609e-01 3.072429770002916838e-01
9.569999999999999618e-01 3.074908822477421810e-01
9.579999999999999627e-01 3.077386566271350099e-01
9.589999999999999636e-01 3.079863002084274881e-01
9.599999999999999645e-01 3.082338130615598915e-01
9.609999999999999654e-01 3.084811952564565085e-01
9.619999999999999662e-01 3.087284468630248080e-01
9.629999999999999671e-01 3.089755679511553277e-01
9.639999999999999680e-01 3.092225585907221741e-01
9.649999999999999689e-01 3.094694188515828004e-01
9.659999999999999698e-01 3.097161488035776733e-01
9.669999999999999707e-01 3.099627485165304952e-01
9.679999999999999716e-01 3.102092180602483151e-01
9.689999999999999725e-01 3.104555575045208071e-01
9.699999999999999734e-01 3.107017669191211029e-01
9.709999999999999742e-01 3.109478463738052922e-01
9.719999999999999751e-01 3.111937959383122010e-01
9.729999999999999760e-01 3.114396156823637796e-01
9.739999999999999769e-01 3.116853056756647145e-01
9.749999999999999778e-01 3.119308659879028167e-01
9.759999999999999787e-01 3.121762966887481894e-01
9.769999999999999796e-01 3.124215978478542266e-01
9.779999999999999805e-01 3.126667695348566145e-01
9.789999999999999813e-01 3.129118118193739972e-01
9.799999999999999822e-01 3.131567247710074775e-01
9.809999999999999831e-01 3.134015084593408940e-01
9.819999999999999840e-01 3.136461629539403773e-01
9.829999999999999849e-01 3.138906883243546830e-01
9.839999999999999858e-01 3.141350846401153030e-01
9.849999999999999867e-01 3.143793519707356876e-01
9.859999999999999876e-01 3.146234903857120790e-01
9.869999999999999885e-01 3.148674999545226783e-01
9.879999999999999893e-01 3.151113807466282002e-01
9.889999999999999902e-01 3.153551328314717073e-01
9.899999999999999911e-01 3.155987562784782763e-01
9.909999999999999920e-01 3.158422511570552760e-01
9.919999999999999929e-01 3.160856175365922005e-01
9.929999999999999938e-01 3.163288554864605029e-01
9.939999999999999947e-01 3.165719650760138726e-01
9.949999999999999956e-01 3.168149463745881800e-01
9.959999999999999964e-01 3.170577994515006992e-01
9.969999999999999973e-01 3.173005243760509964e-01
9.979999999999999982e-01 3.175431212175208184e-01
9.989999999999999991e-01 3.177855900451732052e-01
1.000000000000000000e+00 3.180279309282533218e-01
1.000000000000000000e+00 3.180286970458067741e-01
1.100000000000000089e+00 3.416275874263474122e-01
1.199999999999999956e+00 3.640156911108454740e-01
1.300000000000000044e+00 3.852607056163255272e-01
1.399999999999999911e+00 4.054231388633047772e-01
1.500000000000000000e+00 4.245673241749380877e-01
1.600000000000000089e+00 4.427494448885168077e-01
1.699999999999999956e+00 4.600242915497472773e-01
1.800000000000000044e+00 4.764466564660337911e-01
1.899999999999999911e+00 4.920649575414782206e-01
2.000000000000000000e+00 5.069259583342593523e-01
2.100000000000000089e+00 5.210752215578278168e-01
2.200000000000000178e+00 5.345536719707191242e-01
2.299999999999999822e+00 5.474005866643458784e-01
2.399999999999999911e+00 5.596531425864579301e-01
2.500000000000000000e+00 5.713456826556770896e-01
2.600000000000000089e+00 5.825106872346674791e-01
2.700000000000000178e+00 5.931784597281043458e-01
2.799999999999999822e+00 6.033776973302236168e-01
2.899999999999999911e+00 6.131348228247911480e-01
3.000000000000000000e+00 6.224749385922032641e-01
3.100000000000000089e+00 6.314203457383391616e-01
3.200000000000000178e+00 6.399940606140895882e-01
3.299999999999999822e+00 6.482170509190793295e-01
3.399999999999999911e+00 6.561072323992196420e-01
3.500000000000000000e+00 6.636831175866482191e-01
3.600000000000000089e+00 6.709592674308793026e-01
3.700000000000000178e+00 6.779543378212886662e-01
3.799999999999999822e+00 6.846845736360707146e-01
3.899999999999999911e+00 6.911581007827181100e-01
4.000000000000000000e+00 6.973919062727038654e-01
4.099999999999999645e+00 7.034002019504161929e-01
4.200000000000000178e+00 7.091873674237478831e-01
4.299999999999999822e+00 7.147723808403694257e-01
4.400000000000000355e+00 7.201571738064178607e-01
4.500000000000000000e+00 7.253600218474465233e-01
4.599999999999999645e+00 7.303795980839323798e-01
4.700000000000000178e+00 7.352332400839713955e-01
4.799999999999999822e+00 7.399252803094985564e-01
4.900000000000000355e+00 7.444631716012983791e-01
5.000000000000000000e+00 7.488582668251377861e-01
5.099999999999999645e+00 7.531092875305496204e-01
5.200000000000000178e+00 7.572228227314967697e-01
5.299999999999999822e+00 7.612115747808338995e-01
5.400000000000000355e+00 7.650782533916307138e-01
5.500000000000000000e+00 7.688277550530819848e-01
5.599999999999999645e+00 7.724647705756699789e-01
5.700000000000000178e+00 7.759994580153346533e-01
5.799999999999999822e+00 7.794264074911374518e-01
5.900000000000000355e+00 7.827520168909738452e-01
6.000000000000000000e+00 7.859855372811901386e-01
6.099999999999999645e+00 7.891279049123907097e-01
6.200000000000000178e+00 7.921834579530052656e-01
6.299999999999999822e+00 7.951551736800736014e-01
6.400000000000000355e+00 7.980463345583553858e-01
6.500000000000000000e+00 8.008600589998550179e-01
6.599999999999999645e+00 8.035993111534978084e-01
6.700000000000000178e+00 8.062667756392062346e-01
6.799999999999999822e+00 8.088654704049627053e-01
6.900000000000000355e+00 8.113977200114953492e-01
7.000000000000000000e+00 8.138659670876697838e-01
7.099999999999999645e+00 8.162725380494739724e-01
7.200000000000000178e+00 8.186196326600869710e-01
7.299999999999999822e+00 8.209094147713194012e-01
7.400000000000000355e+00 8.231438513275022295e-01
7.500000000000000000e+00 8.253248986981537305e-01
7.599999999999999645e+00 8.274543352683593200e-01
7.700000000000000178e+00 8.295339744897682888e-01
7.799999999999999822e+00 8.315654715063094393e-01
7.900000000000000355e+00 8.335504278380742038e-01
8.000000000000000000e+00 8.354903750082138814e-01
8.099999999999999645e+00 8.373870074693144927e-01
8.199999999999999289e+00 8.392414139379376081e-01
8.300000000000000711e+00 8.410550804049888862e-01
8.400000000000000355e+00 8.428293066799932287e-01
8.500000000000000000e+00 8.445653401155315265e-01
8.599999999999999645e+00 8.462643782622718547e-01
8.699999999999999289e+00 8.479271516136605014e-01
8.800000000000000711e+00 8.495554294687874819e-01
8.900000000000000355e+00 8.511499764994133743e-01
9.000000000000000000e+00 8.527118034380298806e-01
9.099999999999999645e+00 8.542418809906472399e-01
9.199999999999999289e+00 8.557411416253689618e-01
9.300000000000000711e+00 8.572111558328273651e-01
9.400000000000000355e+00 8.586516655884812721e-01
9.500000000000000000e+00 8.600640044196521394e-01
9.599999999999999645e+00 8.614489801407256842e-01
9.699999999999999289e+00 8.628067225235680482e-01
9.800000000000000711e+00 8.641390663582466658e-01
9.900000000000000355e+00 8.654462448501114569e-01
1.000000000000000000e+01 8.667289459980055399e-01
1.009999999999999964e+01 8.679878322363404619e-01
1.019999999999999929e+01 8.692244963713520178e-01
1.030000000000000071e+01 8.704379393215302407e-01
1.040000000000000036e+01 8.716294878816727154e-01
1.050000000000000000e+01 8.727988194884057638e-01
1.059999999999999964e+01 8.739480271371729003e-01
1.069999999999999929e+01 8.750769630460932813e-01
1.080000000000000071e+01 8.761871083980654618e-01
1.090000000000000036e+01 8.772773394357766819e-01
1.100000000000000000e+01 8.783488746510490497e-01
1.109999999999999964e+01 8.794010570780016467e-01
1.119999999999999929e+01 8.804362508979578505e-01
1.130000000000000071e+01 8.814551326299204792e-01
1.140000000000000036e+01 8.824563102511495671e-01
1.150000000000000000e+01 8.834410134528603020e-01
1.159999999999999964e+01 8.844081272698376406e-01
1.169999999999999929e+01 8.853618198566882702e-01
1.180000000000000071e+01 8.862993035670008179e-01
1.190000000000000036e+01 8.872203982358726204e-01
1.200000000000000000e+01 8.881291357214464721e-01
1.209999999999999964e+01 8.890227128227770059e-01
1.219999999999999929e+01 8.899006967599761841e-01
1.230000000000000071e+01 8.907678007731617553e-01
1.240000000000000036e+01 8.916188503204584004e-01
1.250000000000000000e+01 8.924596214328563981e-01
1.259999999999999964e+01 8.932847590179231467e-01
1.269999999999999929e+01 8.940990620184157134e-01
1.280000000000000071e+01 8.949024475678727386e-01
1.290000000000000036e+01 8.956924700899983049e-01
1.300000000000000000e+01 8.964708883743067735e-01
1.309999999999999964e+01 8.972379517108455271e-01
1.319999999999999929e+01 8.979939123722006089e-01
1.330000000000000071e+01 8.987372362065282339e-01
1.340000000000000036e+01 8.994731988076208884e-01
1.350000000000000000e+01 9.001970249116567624e-01
1.359999999999999964e+01 9.009088306837643723e-01
1.369999999999999929e+01 9.016123632204288141e-01
1.380000000000000071e+01 9.023061135438216196e-01
1.390000000000000036e+01 9.029901999940731505e-01
1.400000000000000000e+01 9.036648772671201924e-01
1.409999999999999964e+01 9.043304020720860370e-01
1.419999999999999929e+01 9.049868042015868363e-01
1.430000000000000071e+01 9.056343645839092238e-01
1.440000000000000036e+01 9.062732541489697535e-01
1.450000000000000000e+01 9.069056176517199530e-01
1.459999999999999964e+01 9.075257714560015510e-01
1.469999999999999929e+01 9.081397065914396105e-01
1.480000000000000071e+01 9.087455092212367580e-01
1.490000000000000036e+01 9.093435339013974383e-01
1.500000000000000000e+01 9.099337524180267645e-01
1.509999999999999964e+01 9.105164910970959813e-01
1.519999999999999929e+01 9.110917139624016281e-01
1.530000000000000071e+01 9.116597406055649833e-01
1.540000000000000036e+01 9.122205272088264039e-01
1.550000000000000000e+01 9.127743876334809547e-01
1.559999999999999964e+01 9.133212700720976240e-01
1.569999999999999929e+01 9.138614836401544039e-01
1.580000000000000071e+01 9.143950585556952504e-01
1.590000000000000036e+01 9.149220296719782208e-01
1.600000000000000000e+01 9.154426904522667829e-01
1.610000000000000142e+01 9.159569788106666222e-01
1.619999999999999929e+01 9.164651854427330324e-01
1.630000000000000071e+01 9.169673286598344353e-01
1.639999999999999858e+01 9.174634307893035912e-01
1.650000000000000000e+01 9.179537697420515618e-01
1.660000000000000142e+01 9.184382723634807455e-01
1.669999999999999929e+01 9.189172157671645635e-01
1.680000000000000071e+01 9.193906068180244251e-01
1.689999999999999858e+01 9.198584558229924157e-01
1.700000000000000000e+01 9.203210296801039858e-01
1.710000000000000142e+01 9.207782431124568179e-01
1.719999999999999929e+01 9.212303641350557681e-01
1.730000000000000071e+01 9.216773883441899962e-01
1.739999999999999858e+01 9.221193142177012136e-01
1.750000000000000000e+01 9.225564019345036115e-01
1.760000000000000142e+01 9.229886426246094455e-01
1.769999999999999929e+01 9.234160299143724382e-01
1.780000000000000071e+01 9.238388173301593786e-01
1.789999999999999858e+01 9.242569915398507474e-01
1.800000000000000000e+01 9.246705413330011947e-01
1.810000000000000142e+01 9.250797148451943563e-01
1.819999999999999929e+01 9.254844942542359565e-01
1.830000000000000071e+01 9.258848634894120133e-01
1.839999999999999858e+01 9.262810665148544231e-01
1.850000000000000000e+01 9.266730809562347959e-01
1.860000000000000142e+01 9.270608858191203838e-01
1.869999999999999929e+01 9.274447220892761967e-01
1.880000000000000071e+01 9.278245627417581742e-01
1.889999999999999858e+01 9.282004693691070507e-01
1.900000000000000000e+01 9.285724184613995957e-01
1.910000000000000142e+01 9.289406406064212307e-01
1.919999999999999929e+01 9.293051065434896341e-01
1.930000000000000071e+01 9.296657875253565573e-01
1.939999999999999858e+01 9.300229136370613547e-01
1.950000000000000000e+01 9.303764507262776151e-01
1.960000000000000142e+01 9.307264522125862083e-01
1.969999999999999929e+01 9.310728866416452254e-01
1.980000000000000071e+01 9.314159766499428006e-01
1.989999999999999858e+01 9.317556855689269613e-01
2.000000000000000000e+01 9.320920627524056368e-01
2.010000000000000142e+01 9.324250737393677824e-01
2.019999999999999929e+01 9.327549352652924064e-01
2.030000000000000071e+01 9.330816079498808202e-01
2.039999999999999858e+01 9.334051374566464387e-01
2.050000000000000000e+01 9.337254861384918225e-01
2.060000000000000142e+01 9.340428662984280317e-01
2.069999999999999929e+01 9.343572356251376165e-01
2.080000000000000071e+01 9.346686364262641877e-01
2.089999999999999858e+01 9.349770276554180137e-01
2.100000000000000000e+01 9.352826185998608377e-01
2.110000000000000142e+01 9.355853637684368174e-01
2.119999999999999929e+01 9.358853024113171770e-01
2.130000000000000071e+01 9.361823898300891678e-01
2.139999999999999858e+01 9.364768336875187726e-01
2.150000000000000000e+01 9.367685850278871795e-01
2.160000000000000142e+01 9.370576803105804542e-01
2.169999999999999929e+01 9.373440708862500470e-01
2.180000000000000071e+01 9.376279641850959745e-01
2.189999999999999858e+01 9.379093074590379997e-01
2.200000000000000000e+01 9.381881346153592149e-01
2.210000000000000142e+01 9.384644791289048493e-01
2.219999999999999929e+01 9.387382905019300283e-01
2.230000000000000071e+01 9.390097705910831483e-01
2.239999999999999858e+01 9.392788650446608489e-01
2.250000000000000000e+01 9.395456048917292247e-01
2.260000000000000142e+01 9.398100207900264014e-01
2.269999999999999929e+01 9.400720600166055929e-01
2.280000000000000071e+01 9.403319205858241547e-01
2.289999999999999858e+01 9.405895461280415759e-01
2.300000000000000000e+01 9.408449650883328186e-01
2.310000000000000142e+01 9.410982055966335968e-01
2.319999999999999929e+01 9.413492122987704436e-01
2.330000000000000071e+01 9.415981810384431716e-01
2.339999999999999858e+01 9.418450529887856248e-01
2.350000000000000000e+01 9.420898542691503730e-01
2.360000000000000142e+01 9.423326107361608139e-01
2.369999999999999929e+01 9.425733478193152326e-01
2.380000000000000071e+01 9.428120094279641705e-01
2.389999999999999858e+01 9.430487848761179848e-01
2.400000000000000000e+01 9.432836148334512449e-01
2.410000000000000142e+01 9.435165229380128027e-01
2.419999999999999929e+01 9.437475326118144325e-01
2.430000000000000071e+01 9.439765842097107562e-01
2.439999999999999858e+01 9.442038682729751997e-01
2.450000000000000000e+01 9.444293220297840241e-01
2.460000000000000142e+01 9.446529672577621550e-01
2.469999999999999929e+01 9.448748255654247918e-01
2.480000000000000071e+01 9.450949182196788367e-01
2.489999999999999858e+01 9.453131837975772278e-01
2.500000000000000000e+01 9.455298100224316382e-01
2.510000000000000142e+01 9.457447325113812475e-01
2.519999999999999929e+01 9.459579710489351978e-01
2.530000000000000071e+01 9.461695452919124394e-01
2.539999999999999858e+01 9.463794745935137920e-01
2.550000000000000000e+01 9.465877780087833537e-01
2.560000000000000142e+01 9.467943939826906075e-01
2.569999999999999929e+01 9.469995039155711947e-01
2.580000000000000071e+01 9.472030434983491620e-01
2.589999999999999858e+01 9.474050304732644090e-01
2.600000000000000000e+01 9.476054824894464268e-01
2.610000000000000142e+01 9.478044169305284150e-01
2.619999999999999929e+01 9.480018509192508214e-01
2.630000000000000071e+01 9.481977220648404314e-01
2.639999999999999858e+01 9.483922076932601586e-01
2.650000000000000000e+01 9.485852428283360060e-01
2.660000000000000142e+01 9.487768434210012147e-01
2.669999999999999929e+01 9.489670253620248186e-01
2.680000000000000071e+01 9.491558043092276353e-01
2.689999999999999858e+01 9.493431956913616077e-01
2.700000000000000000e+01 9.495291355694601698e-01
2.710000000000000142e+01 9.497137993386179922e-01
2.719999999999999929e+01 9.498971206113625554e-01
2.730000000000000071e+01 9.500791137611486192e-01
2.739999999999999858e+01 9.502597931335483583e-01
2.750000000000000000e+01 9.504391728690891883e-01
2.760000000000000142e+01 9.506172669065163783e-01
2.769999999999999929e+01 9.507940090100683861e-01
2.780000000000000071e+01 9.509695747577832092e-01
2.789999999999999858e+01 9.511438955751267965e-01
2.800000000000000000e+01 9.513169844406181852e-01
2.810000000000000142e+01 9.514888543375892294e-01
2.819999999999999929e+01 9.516595180683488087e-01
2.830000000000000071e+01 9.518289882569072047e-01
2.839999999999999858e+01 9.519972773520631870e-01
2.850000000000000000e+01 9.521643180819689967e-01
2.860000000000000142e+01 9.523302836530304072e-01
2.869999999999999929e+01 9.524951045893386148e-01
2.880000000000000071e+01 9.526587924772109695e-01
2.889999999999999858e+01 9.528213589346513634e-01
2.900000000000000000e+01 9.529828154220923997e-01
2.910000000000000142e+01 9.531431732446251637e-01
2.919999999999999929e+01 9.533024435546172404e-01
2.930000000000000071e+01 9.534606373542779956e-01
2.939999999999999858e+01 9.536176874216103494e-01
2.950000000000000000e+01 9.537737625212385772e-01
2.960000000000000142e+01 9.539287933774983630e-01
2.969999999999999929e+01 9.540827902268356198e-01
2.980000000000000071e+01 9.542357633583692378e-01
2.989999999999999858e+01 9.543877229258254102e-01
3.000000000000000000e+01 9.545386789493239821e-01
3.010000000000000142e+01 9.546886413175648123e-01
3.019999999999999929e+01 9.548376197899716145e-01
3.030000000000000071e+01 9.549855461711224125e-01
3.039999999999999858e+01 9.551325874534773996e-01
3.050000000000000000e+01 9.552786735074053626e-01
3.060000000000000142e+01 9.554238134017848383e-01
3.069999999999999929e+01 9.555680162812105749e-01
3.080000000000000071e+01 9.557112911734567673e-01
3.089999999999999858e+01 9.558536469908825994e-01
3.100000000000000000e+01 9.559950925322659998e-01
3.110000000000000142e+01 9.561356364846064215e-01
3.119999999999999929e+01 9.562752874248899859e-01
3.130000000000000071e+01 9.564139769996942153e-01
3.139999999999999858e+01 9.565518689580472245e-01
3.150000000000000000e+01 9.566888931409663899e-01
3.160000000000000142e+01 9.568250575073927733e-01
3.169999999999999929e+01 9.569603701102875615e-01
3.180000000000000071e+01 9.570948389029759751e-01
3.189999999999999858e+01 9.572284717402191889e-01
3.200000000000000000e+01 9.573612763797317848e-01
3.210000000000000142e+01 9.574932604836760008e-01
3.220000000000000284e+01 9.576244316201244500e-01
3.229999999999999716e+01 9.577547201025368162e-01
3.239999999999999858e+01 9.578842893214519760e-01
3.250000000000000000e+01 9.580130678858201909e-01
3.260000000000000142e+01 9.581410627987799744e-01
3.270000000000000284e+01 9.582682811795487643e-01
3.279999999999999716e+01 9.583947300619911625e-01
3.289999999999999858e+01 9.585204163953934264e-01
3.300000000000000000e+01 9.586453470457272363e-01
3.310000000000000142e+01 9.587695287968952540e-01
3.320000000000000284e+01 9.588929683519500369e-01
3.329999999999999716e+01 9.590156723342948553e-01
3.339999999999999858e+01 9.591376472888609728e-01
3.350000000000000000e+01 9.592588244735096303e-01
3.360000000000000142e+01 9.593793622784747566e-01
3.370000000000000284e+01 9.594991903906420205e-01
3.379999999999999716e+01 9.596183148530526008e-01
3.389999999999999858e+01 9.597367418356523849e-01
3.400000000000000000e+01 9.598544774370524335e-01
3.410000000000000142e+01 9.599715276850607770e-01
3.420000000000000284e+01 9.600878985377033770e-01
3.429999999999999716e+01 9.602035958842302099e-01
3.439999999999999858e+01 9.603186255461053644e-01
3.450000000000000000e+01 9.604329932779761547e-01
3.460000000000000142e+01 9.605467047686290227e-01
3.470000000000000284e+01 9.606596907728351953e-01
3.479999999999999716e+01 9.607721080957808413e-01
3.489999999999999858e+01 9.608838860253415826e-01
3.500000000000000000e+01 9.609950297917974060e-01
3.510000000000000142e+01 9.611055447686828179e-01
3.520000000000000284e+01 9.612154362695890519e-01
3.529999999999999716e+01 9.613247095484763749e-01
3.539999999999999858e+01 9.614333698005037565e-01
3.550000000000000000e+01 9.615414221628484359e-01
3.560000000000000142e+01 9.616488717155136090e-01
3.570000000000000284e+01 9.617557234821187961e-01
3.579999999999999716e+01 9.618619824306799959e-01
3.589999999999999858e+01 9.619676534743774043e-01
3.600000000000000000e+01 9.620726670056951590e-01
3.610000000000000142e+01 9.621771781976620197e-01
3.620000000000000284e+01 9.622811160778808048e-01
3.629999999999999716e+01 9.623844851383134280e-01
3.639999999999999858e+01 9.624872900291852051e-01
3.650000000000000000e+01 9.625895353507809560e-01
3.660000000000000142e+01 9.626912256535583579e-01
3.670000000000000284e+01 9.627923654388204078e-01
3.679999999999999716e+01 9.628929591593755610e-01
3.689999999999999858e+01 9.629930112201879888e-01
3.700000000000000000e+01 9.630925259790203974e-01
3.710000000000000142e+01 9.631915077470604158e-01
3.720000000000000284e+01 9.632899607895442085e-01
3.729999999999999716e+01 9.633878893263639887e-01
3.739999999999999858e+01 9.634852975326692048e-01
3.750000000000000000e+01 9.635821169041002277e-01
3.760000000000000142e+01 9.636784981378899717e-01
3.770000000000000284e+01 9.637743714801324524e-01
3.779999999999999716e+01 9.638697407258055572e-01
3.789999999999999858e+01 9.639646098350972414e-01
3.800000000000000000e+01 9.640589827274191892e-01
3.810000000000000142e+01 9.641528632813768374e-01
3.820000000000000284e+01 9.642462553352951771e-01
3.829999999999999716e+01 9.643391626877407807e-01
3.839999999999999858e+01 9.644315890980343919e-01
3.850000000000000000e+01 9.645235382867564100e-01
3.860000000000000142e+01 9.646150139362438258e-01
3.870000000000000284e+01 9.647060196910808294e-01
3.879999999999999716e+01 9.647965591585804246e-01
3.889999999999999858e+01 9.648866359092588274e-01
3.900000000000000000e+01 9.649762534773037581e-01
3.910000000000000142e+01 9.650653440616275835e-01
3.920000000000000284e+01 9.651540549781187917e-01
3.929999999999999716e+01 9.652423172806755547e-01
3.939999999999999858e+01 9.653301341551308035e-01
3.950000000000000000e+01 9.654175089607723859e-01
3.960000000000000142e+01 9.655044450237969533e-01
3.970000000000000284e+01 9.655909456371434274e-01
3.979999999999999716e+01 9.656770140609074460e-01
3.989999999999999858e+01 9.657626535227488151e-01
4.000000000000000000e+01 9.658478672182934099e-01
4.010000000000000142e+01 9.659326583115304121e-01
4.020000000000000284e+01 9.660170299352012213e-01
4.029999999999999716e+01 9.661009851911851465e-01
4.039999999999999858e+01 9.661845271508772148e-01
4.050000000000000000e+01 9.662676588555624280e-01
4.060000000000000142e+01 9.663503833167832457e-01
4.070000000000000284e+01 9.664327035167016300e-01
4.079999999999999716e+01 9.665145517703788158e-01
4.089999999999999858e+01 9.665960734587906167e-01
4.100000000000000000e+01 9.666771998462615478e-01
4.110000000000000142e+01 9.667579335887810377e-01
4.120000000000000284e+01 9.668382775267375662e-01
4.129999999999999716e+01 9.669182344738154189e-01
4.139999999999999858e+01 9.669978072167048078e-01
4.150000000000000000e+01 9.670769985154248349e-01
4.160000000000000142e+01 9.671558111036397953e-01
4.170000000000000284e+01 9.672342476889743690e-01
4.179999999999999716e+01 9.673123109533208197e-01
4.189999999999999858e+01 9.673900035531456387e-01
4.200000000000000000e+01 9.674673281197891939e-01
4.210000000000000142e+01 9.675442872597610489e-01
4.220000000000000284e+01 9.676208835550343945e-01
4.229999999999999716e+01 9.676971195633303768e-01
4.239999999999999858e+01 9.677729978184061999e-01
4.250000000000000000e+01 9.678485208303312382e-01
4.260000000000000142e+01 9.679236910857650367e-01
4.270000000000000284e+01 9.679984415364701889e-01
4.279999999999999716e+01 9.680729147479327779e-01
4.289999999999999858e+01 9.681470427166379844e-01
4.300000000000000000e+01 9.682208276237072031e-01
4.310000000000000142e+01 9.682942718425350259e-01
4.320000000000000284e+01 9.683673777253199999e-01
4.329999999999999716e+01 9.684401476026718303e-01
4.339999999999999858e+01 9.685125837838574059e-01
4.350000000000000000e+01 9.685846885570436049e-01
4.360000000000000142e+01 9.686564641895389904e-01
4.370000000000000284e+01 9.687279129280286227e-01
4.379999999999999716e+01 9.687990369988099815e-01
4.389999999999999858e+01 9.688698386080227820e-01
4.400000000000000000e+01 9.689403199418757939e-01
4.410000000000000142e+01 9.690104831668727714e-01
4.420000000000000284e+01 9.690803304300328325e-01
4.429999999999999716e+01 9.691498638591086179e-01
4.439999999999999858e+01 9.692190855628030066e-01
4.450000000000000000e+01 9.692879976309803913e-01
4.460000000000000142e+01 9.693566021348779538e-01
4.470000000000000284e+01 9.694249011273109451e-01
4.479999999999999716e+01 9.694928966428779660e-01
4.489999999999999858e+01 9.695605236113817860e-01
4.500000000000000000e+01 9.696279192138443914e-01
4.510000000000000142e+01 9.696950175253006288e-01
4.520000000000000284e+01 9.697618202997380088e-01
4.529999999999999716e+01 9.698283294833609514e-01
4.539999999999999858e+01 9.698945470059580076e-01
4.550000000000000000e+01 9.699604747804539961e-01
4.560000000000000142e+01 9.700261147030896369e-01
4.570000000000000284e+01 9.700914686536051823e-01
4.579999999999999716e+01 9.701565384954176086e-01
4.589999999999999858e+01 9.702213260757980295e-01
4.600000000000000000e+01 9.702858332260467789e-01
4.610000000000000142e+01 9.703500617616640511e-01
4.620000000000000284e+01 9.704140134825216535e-01
4.629999999999999716e+01 9.704776901730289840e-01
4.639999999999999858e+01 9.705410936023000090e-01
4.650000000000000000e+01 9.706042255243167993e-01
4.660000000000000142e+01 9.706670876780884027e-01
4.670000000000000284e+01 9.707296817878140471e-01
4.679999999999999716e+01 9.707920095630375723e-01
4.689999999999999858e+01 9.708540726988036385e-01
4.700000000000000000e+01 9.709158728758116030e-01
4.710000000000000142e+01 9.709774117605656230e-01
4.720000000000000284e+01 9.710386247161681972e-01
4.729999999999999716e+01 9.710996468974611995e-01
4.739999999999999858e+01 9.711604128988428064e-01
4.750000000000000000e+01 9.712209241167184537e-01
4.760000000000000142e+01 9.712811821484540475e-01
4.770000000000000284e+01 9.713411885787619493e-01
4.779999999999999716e+01 9.714009449791656259e-01
4.789999999999999858e+01 9.714604529081336537e-01
4.800000000000000000e+01 9.715197139112143887e-01
4.810000000000000142e+01 9.715787295211711916e-01
4.820000000000000284e+01 9.716375012581135451e-01
4.829999999999999716e+01 9.716960306296263949e-01
4.839999999999999858e+01 9.717543191308993800e-01
4.850000000000000000e+01 9.718123682448551737e-01
4.860000000000000142e+01 9.718701794422731632e-01
4.870000000000000284e+01 9.719277541819142385e-01
4.879999999999999716e+01 9.719850939106438048e-01
4.889999999999999858e+01 9.720422000635515758e-01
4.900000000000000000e+01 9.720990740640715888e-01
4.910000000000000142e+01 9.721557173241012206e-01
4.920000000000000284e+01 9.722121312441159846e-01
4.929999999999999716e+01 9.722683172132864371e-01
4.939999999999999858e+01 9.723242766095906431e-01
4.950000000000000000e+01 9.723800107999271969e-01
4.960000000000000142e+01 9.724355211402272436e-01
4.970000000000000284e+01 9.724908089755623930e-01
4.979999999999999716e+01 9.725458756402544092e-01
4.989999999999999858e+01 9.726006584356724494e-01
5.000000000000000000e+01 9.726552875726971470e-01
5.010000000000000142e+01 9.727096996739581503e-01
5.020000000000000284e+01 9.727638958204731789e-01
5.029999999999999716e+01 9.728178772939704011e-01
5.039999999999999858e+01 9.728716453667276554e-01
5.050000000000000000e+01 9.729252013009943578e-01
5.060000000000000142e+01 9.729785463490892017e-01
5.070000000000000284e+01 9.730316817534961915e-01
5.079999999999999716e+01 9.730846087469615657e-01
5.089999999999999858e+01 9.731373285525891648e-01
5.100000000000000000e+01 9.731898423839342449e-01
5.110000000000000142e+01 9.732421514450964040e-01
5.120000000000000284e+01 9.732942569308111747e-01
5.129999999999999716e+01 9.733461600265419511e-01
5.139999999999999858e+01 9.733978619085685846e-01
5.150000000000000000e+01 9.734493637440766456e-01
5.160000000000000142e+01 9.735006666912447981e-01
5.170000000000000284e+01 9.735517718993319525e-01
5.179999999999999716e+01 9.736026805087626412e-01
5.189999999999999858e+01 9.736533936512116183e-01
5.200000000000000000e+01 9.737039124496882359e-01
5.210000000000000142e+01 9.737542380186181568e-01
5.220000000000000284e+01 9.738043714639258441e-01
5.229999999999999716e+01 9.738543138831156076e-01
5.239999999999999858e+01 9.739040663653509844e-01
5.250000000000000000e+01 9.739536299915345641e-01
5.260000000000000142e+01 9.740030058343850383e-01
5.270000000000000284e+01 9.740521949585160266e-01
5.279999999999999716e+01 9.741011984205107943e-01
5.289999999999999858e+01 9.741499551876704466e-01
5.300000000000000000e+01 9.741985912388315683e-01
5.310000000000000142e+01 9.742470449464087912e-01
5.320000000000000284e+01 9.742953171253887490e-01
5.329999999999999716e+01 9.743434087928407594e-01
5.339999999999999858e+01 9.743913209589359914e-01
5.350000000000000000e+01 9.744390546263271835e-01
5.360000000000000142e+01 9.744866107902155905e-01
5.370000000000000284e+01 9.745339904384200391e-01
5.379999999999999716e+01 9.745811945514452068e-01
5.389999999999999858e+01 9.746282241025495674e-01
5.400000000000000000e+01 9.746750800578120044e-01
5.410000000000000142e+01 9.747217633761969813e-01
5.420000000000000284e+01 9.747682750096215987e-01
5.429999999999999716e+01 9.748146159030187663e-01
5.439999999999999858e+01 9.748607869944023729e-01
5.450000000000000000e+01 9.749067892149287928e-01
5.460000000000000142e+01 9.749526234889611676e-01
5.470000000000000284e+01 9.749982907341300242e-01
5.479999999999999716e+01 9.750437918613952260e-01
5.489999999999999858e+01 9.750891277751055908e-01
5.500000000000000000e+01 9.751342993730599540e-01
6.000000000000000000e+01 9.772014138348336099e-01
6.500000000000000000e+01 9.789514126563367835e-01
7.000000000000000000e+01 9.804519938804897583e-01
7.500000000000000000e+01 9.817529741345372152e-01
8.000000000000000000e+01 9.828916427168096215e-01
8.500000000000000000e+01 9.838965845881190164e-01
9.000000000000000000e+01 9.847900453368235718e-01
9.500000000000000000e+01 9.855895961102731917e-01
1.000000000000000000e+02 9.863092997785536387e-01
1.050000000000000000e+02 9.869605684153663905e-01
1.100000000000000000e+02 9.875526832763797946e-01
1.150000000000000000e+02 9.880933653987895582e-01
1.200000000000000000e+02 9.885890512391980467e-01
1.250000000000000000e+02 9.890451110358802200e-01
1.300000000000000000e+02 9.894661213342708095e-01
1.350000000000000000e+02 9.898559800574947554e-01
1.400000000000000000e+02 9.902180109257178175e-01
1.450000000000000000e+02 9.905550903631411552e-01
1.500000000000000000e+02 9.908697209094919911e-01
1.550000000000000000e+02 9.911640707129200090e-01
1.600000000000000000e+02 9.914400176317129665e-01
1.650000000000000000e+02 9.916992533239955554e-01
1.700000000000000000e+02 9.919432820895700553e-01
1.750000000000000000e+02 9.921733379974360112e-01
1.800000000000000000e+02 9.923906246189607705e-01
1.850000000000000000e+02 9.925962112002527649e-01
1.900000000000000000e+02 9.927909312858191893e-01
1.950000000000000000e+02 9.929756781701254420e-01
2.000000000000000000e+02 9.931512624515117516e-01
