20.,0.008436170356713846
19.950025000000004,0.008437459865556163
19.90005,0.008438749128752532
19.850075,0.00844003897449902
19.8001,0.008441329342958437
19.750125,0.008442620169090809
19.70015,0.008443911390126457
19.650175,0.008445202941300523
19.6002,0.008446494754612122
19.550225,0.00844778676132285
19.50025,0.00844907888900781
19.450275,0.008450371652554689
19.4003,0.008451663803996035
19.350325,0.008452955852202293
19.30035,0.008454247129252412
19.250375000000002,0.008455534541610354
19.200400000000002,0.008456825797555134
19.150425000000002,0.008458116620713774
19.100450000000002,0.00845940692352215
19.050475000000002,0.008460696614982055
19.000500000000002,0.00846198560293887
18.950525000000003,0.008463273791444736
18.900550000000003,0.008464561083212363
18.850575000000003,0.008465847377526314
18.800600000000003,0.00846713257128523
18.750625000000003,0.00846841655866376
18.700650000000003,0.008469699230764793
18.650675000000003,0.008470980561862074
18.600700000000003,0.008472260179473279
18.550725,0.00847353822365321
18.50075,0.008474814486883253
18.450775,0.008476088871023746
18.4008,0.008477361197586186
18.350825,0.008478631360657074
18.30085,0.008479899225339316
18.250875,0.008481165709376404
18.2009,0.008482428561233712
18.150925,0.00848368868837368
18.10095,0.008484944881004541
18.050975,0.008486199104095815
18.001,0.008487450141020147
17.951025,0.008488697830681458
17.90105,0.008489942002697426
17.851075,0.008491182487914917
17.8011,0.008492419109588867
17.751125000000002,0.008493651686371562
17.701150000000002,0.00849488003269544
17.651175000000002,0.00849610395712902
17.601200000000002,0.00849732326295094
17.551225000000002,0.008498537748745039
17.501250000000002,0.008499747206852537
17.451275000000003,0.008500951423342895
17.4013,0.008502150179009682
17.351325,0.008503343252107665
17.30135,0.008504530404210231
17.251375,0.008505711399381888
17.2014,0.008506885993711855
17.151425,0.008508053935397109
17.10145,0.008509214964361078
17.051475,0.008510368813792135
17.0015,0.00851151521070137
16.951525,0.008512653872608855
16.90155,0.008513784509513789
16.851575,0.008514906822078283
16.8016,0.008516020504356625
16.751625,0.008517125240619261
16.70165,0.008518222297230427
16.651675,0.008519308156969108
16.6017,0.0085203824680673
16.551725,0.008521448069100268
16.50175,0.00852250300028401
16.451775,0.0085235468842364
16.4018,0.00852457933445816
16.351824999999998,0.008525599952266871
16.301849999999998,0.008526608327536711
16.251875,0.00852760403762337
16.2019,0.008528586646535496
16.151925,0.008529555704195169
16.10195,0.008530510746803999
16.051975,0.008531451301180049
16.002,0.008532376874428538
15.952024999999999,0.008533286961330933
15.90205,0.008534181035582344
15.852075,0.008535058560007802
15.8021,0.008535918979609924
15.752125,0.008536761721440467
15.702149999999998,0.008537586193149593
15.652174999999998,0.008538391785009536
15.602199999999998,0.00853918175149454
15.552224999999998,0.008539947673287196
15.502249999999998,0.008540692764455904
15.452274999999998,0.008541416332236984
15.402299999999999,0.008542117663720372
15.352324999999999,0.00854279601462582
15.302349999999999,0.008543450624481752
15.252374999999999,0.00854408070379653
15.202399999999999,0.008544685436991717
15.152424999999997,0.008545266175713273
15.102449999999997,0.008545815464008288
15.052474999999998,0.008546338986837543
15.002499999999998,0.008546833615230898
14.952524999999998,0.008547298385568558
14.902549999999998,0.008547732298715027
14.852574999999998,0.008548134315250588
14.802599999999998,0.008548499522484099
14.752624999999998,0.008548834527633775
14.702649999999998,0.008549134310792461
14.652674999999999,0.008549397692754646
14.602699999999999,0.00854962343563892
14.552724999999999,0.008549810264452562
14.502749999999999,0.008549956855231411
14.452774999999999,0.008550061832934275
14.402799999999997,0.00855012377252945
14.352824999999998,0.008550141194014094
14.30285,0.008550112560885947
14.252875,0.008550036277629236
14.2029,0.00854991068634059
14.152925,0.008549734065089132
14.10295,0.008549504622261117
14.052975,0.008549220495189358
14.003,0.008548879747318328
13.953025,0.008548480354141852
13.90305,0.008548020228735631
13.853075,0.008547497178432784
13.803099999999999,0.008546908923936058
13.753124999999999,0.008546253055854325
13.703149999999999,0.008545527167165112
13.653175,0.008544728659151346
13.6032,0.008543854781148996
13.553225,0.008542902741564995
13.50325,0.00854186959601011
13.453275,0.008540752263894946
13.4033,0.008539547525617253
13.353325,0.00853825200903785
13.303349999999998,0.008536865256276671
13.253374999999998,0.008535377421659052
13.203399999999998,0.00853378769932489
13.153424999999999,0.008532092020509585
13.103449999999999,0.00853028609925277
13.053474999999999,0.008528365473439492
13.003499999999999,0.008526325410406987
12.953524999999999,0.008524160944955672
12.90355,0.008521866847938209
12.853575,0.00851943752453349
12.8036,0.00851686436796456
12.753625,0.008514147099753622
12.70365,0.008511276266804091
12.653675,0.008508245015147686
12.6037,0.00850504607466629
12.553725,0.00850167178623662
12.503749999999998,0.008498113976545596
12.453774999999998,0.008494363982440911
12.403799999999999,0.0084904126015104
12.353824999999999,0.008486250001058293
12.303849999999999,0.008481865715278814
12.253874999999999,0.008477248617176192
12.203899999999999,0.008472388483646454
12.153925,0.008467312303654106
12.10395,0.008461878527537214
12.053975,0.00845620182870821
12.004,0.008450223235900278
11.954024999999998,0.008443925713854827
11.904049999999998,0.008437288820775823
11.854074999999998,0.008430296336747634
11.804099999999998,0.008422925247561608
11.754124999999998,0.008415150632404611
11.704149999999998,0.008406947596692915
11.654174999999999,0.008398287183562614
11.604199999999999,0.008389138745816371
11.554224999999999,0.008379468082357011
11.504249999999999,0.008369237159002174
11.454274999999999,0.00835840374949015
11.4043,0.008346921824362308
11.354325,0.008334738335567304
11.30435,0.008321793168839076
11.254375,0.008308023200316705
11.2044,0.008293348375896181
11.154425,0.008277681799831627
11.10445,0.008260922576111662
11.054475,0.00824295060460728
11.0045,0.008223630556480122
10.954525,0.008202795049931988
10.90455,0.008180239124578659
10.854575,0.00815571872620452
10.8046,0.008128921381976073
10.754625,0.008099455765499641
10.70465,0.008066798385932383
10.654675000000001,0.008030243025658246
10.6047,0.007988775072332532
10.554725,0.007940868170617454
10.50475,0.007884009357826904
10.454775,0.007813451499418811
10.4048,0.007717749008464003
10.354825,0.007539734026834277
10.30485,0.00743854380034259
10.254875,0.0074577787409824126
10.2049,0.00748219397636829
10.154925,0.007504068675433739
10.10495,0.007526855785964015
10.054974999999999,0.007549039987152895
10.004999999999999,0.007569972044686735
9.955025,0.0075899953592942215
9.90505,0.007615621691609176
9.855075,0.007636376474028594
9.8051,0.007660670635826816
9.755125,0.007681936044303395
9.70515,0.007700702226868583
9.655175,0.00772523312193385
9.6052,0.007745833913739897
9.555225,0.007767961629971787
9.50525,0.007789747418798565
9.455275,0.007812190409153985
9.4053,0.007837199036313802
9.355325,0.007860989833114007
9.30535,0.007879783568610188
9.255374999999999,0.007898352981908718
9.2054,0.007917922796852328
9.155425,0.007935272205582211
9.10545,0.007952743634783599
9.055475,0.007969521070960273
9.0055,0.007992561517218444
8.955525,0.008019814520599189
8.90555,0.008042348988094195
8.855575,0.008061121651871839
8.8056,0.008091107737151326
8.755625,0.008112121294086727
8.705649999999999,0.00813309969792636
8.655674999999999,0.008155639484478838
8.605699999999999,0.008184274266595681
8.555724999999999,0.008211615752081514
8.505749999999999,0.008236087383362789
8.455775,0.008259727922252824
8.4058,0.008284825748187563
8.355825,0.008311872182367952
8.30585,0.008341839692950548
8.255875,0.008374051281328065
8.2059,0.008405170041675958
8.155925,0.008437087171005442
8.105949999999998,0.008470050029140586
8.055974999999998,0.008517391050901657
8.005999999999998,0.008572081601792847
7.956024999999999,0.008636423869916088
7.906049999999999,0.0087252687898568
7.856074999999999,0.010181249769962986
7.806099999999999,0.01019545331511218
7.756124999999999,0.010209816088037171
7.706149999999999,0.010224340822473366
7.656174999999999,0.010239030314237063
7.606199999999999,0.010253887426174835
7.556224999999999,0.010268915087673414
7.506249999999999,0.010284116299650536
7.456274999999999,0.0102994941308715
7.406299999999999,0.010315051728022606
7.356324999999999,0.010330792310935755
7.306349999999999,0.010346719180407138
7.256374999999999,0.010362835713835283
7.206399999999999,0.010379145376987697
7.156425,0.010395651719709575
7.10645,0.010412358378072861
7.056475,0.01042926908387759
7.006499999999999,0.010446387549874037
6.956524999999999,0.010463718643863307
6.906549999999999,0.010481264837394089
6.856574999999999,0.010499030972500378
6.8065999999999995,0.010517021284065842
6.756625,0.01053524011709861
6.70665,0.01055369193190181
6.656675,0.010572381190524227
6.606699999999999,0.010591313604965291
6.556724999999999,0.010610492335628996
6.506749999999999,0.010629923116259266
6.4567749999999995,0.01064961104114287
6.4068,0.010669561348448597
6.356825,0.010689779417520695
6.30685,0.010710270782858078
6.256874999999999,0.010731041131999963
6.206899999999999,0.010752096319059379
6.156924999999999,0.010773442359640617
6.10695,0.010795085448936259
6.0569749999999996,0.010817032071323396
6.007,0.010839292551623303
5.957025,0.01086186578332754
5.90705,0.010884762710910656
5.857075,0.01090799060594877
5.8071,0.010931555882992494
5.757125,0.01095546778859946
5.70715,0.010979733392407709
5.657175,0.011004360782459532
5.6072,0.011029357992548672
5.557225,0.011054734269820066
5.50725,0.011080498200356226
5.457275,0.011106658920304158
5.4073,0.011133225949641001
5.357325,0.011160209078677596
5.30735,0.011187613641830407
5.257375,0.011215459565167563
5.2074,0.011243752900740533
5.157425,0.01127250482923714
5.10745,0.011301726914967503
5.057474999999999,0.011331431092194366
5.007499999999999,0.011361698895594907
4.9575249999999995,0.011392335843228851
4.90755,0.011423562417752109
4.857575,0.011455323576638421
4.8076,0.011487633087694016
4.757624999999999,0.011520506039042366
4.707649999999999,0.011553957776400503
4.657674999999999,0.01158800425094575
4.6076999999999995,0.011622662006062101
4.557725,0.011657948213819325
4.50775,0.011693880740116569
4.457775,0.011730478172064795
4.4078,0.011767759837846503
4.357825,0.011805745842120408
4.307849999999999,0.011844457113674378
4.257874999999999,0.011883915465305761
4.2078999999999995,0.011924143626338923
4.157925,0.011965165295864055
4.10795,0.01200700520357545
4.057975,0.01204968915919985
4.007999999999999,0.01209324412282542
3.9580249999999997,0.012137698270317576
3.9080499999999994,0.012183081061726886
3.8580749999999995,0.012229423326713396
3.8080999999999996,0.012276757338854083
3.7581249999999997,0.012325116915815004
3.70815,0.012374537507087613
3.6581749999999995,0.012425056307112214
3.6081999999999996,0.01247671236053477
3.5582249999999997,0.01252954669521339
3.5082499999999994,0.012583602445246977
3.4582749999999995,0.012638925005463708
3.4082999999999997,0.012695566094889421
3.358325,0.0127535682558505
3.3083499999999995,0.012812988565873262
3.2583749999999996,0.012873883149188692
3.2083999999999997,0.012936311324825256
3.158425,0.0130003358435129
3.1084499999999995,0.01306602315616412
3.0584749999999996,0.013133443715862392
3.0084999999999997,0.013202672275821004
2.958525,0.013273788257762653
2.9085499999999995,0.013346872254514086
2.8585749999999996,0.013422022009181467
2.8085999999999998,0.013499329552975392
2.7586249999999994,0.013578897300503878
2.7086499999999996,0.013660837136147852
2.6586749999999997,0.013745262490320986
2.6087,0.013832302360182624
2.558725,0.01392208413804158
2.5087499999999996,0.01401476117962197
2.4587749999999997,0.014110488781722275
2.4088,0.01420943144668324
2.3588249999999995,0.014311776465651849
2.3088499999999996,0.014417727351785703
2.2588749999999997,0.014527479329022042
2.2089,0.014641285352757716
2.1589249999999995,0.01475938445343472
2.1089499999999997,0.01488206573689621
2.0589749999999998,0.015009630020131615
2.009,0.01514241156157492
1.959025,0.015280778334633038
1.90905,0.0154251365586211
1.8590749999999998,0.015575935992202028
1.8091,0.015733676143423803
1.759125,0.015898911085602097
1.70915,0.016072268131677003
1.6591749999999998,0.016254444075521457
1.6092,0.016446223733016407
1.559225,0.01664849798049045
1.50925,0.016862278372996364
1.4592749999999999,0.017088718034793338
1.4093,0.01732914131947333
1.359325,0.017585074967442493
1.30935,0.017858290096649188
1.259375,0.018150852363146674
1.2094,0.018465188999942872
1.159425,0.01880417274045748
1.10945,0.019171227111888456
1.059475,0.01957046908172011
1.0094999999999998,0.02000689333999567
0.959525,0.020486626791779705
0.90955,0.021017261924065833
0.859575,0.02160832196531104
0.8096,0.02227193212938755
0.759625,0.023023758324838273
0.70965,0.023884401199260996
0.659675,0.02488149194571987
0.6097,0.026052956137952776
0.559725,0.027452222099964563
0.5097499999999999,0.029156931946364484
0.459775,0.031284075820756596
0.4098,0.034017765280668966
0.359825,0.037663170295469894
0.30985,0.042758672383027496
0.25987499999999997,0.05032629822294138
0.2099,0.062467050171347904
0.159925,0.08377713273053733
0.10994999999999999,0.12393323937279366
0.059975,0.19714271171424455
0.01,0.30775390512453576
