1.000000000000000021e-02 1.133702128413467816e-04 1.264972434829813104e-06
1.000000000000000056e-01 1.690947854086387650e-04 1.220147098952215102e-06
5.999999999999999778e-01 3.330371299655902136e-04 1.297690503534279207e-06
1.000000000000000000e+00 4.950120788050244329e-04 1.320751389262729583e-06
1.500000000000000000e+00 7.667848829160186803e-04 2.002346068408549094e-06
2.000000000000000000e+00 1.054910719030449596e-03 1.872051960741511754e-06
3.000000000000000000e+00 1.366904797494778064e-03 1.922632906855015132e-06
4.000000000000000000e+00 1.604980643625453706e-03 5.058689387323263444e-07
5.000000000000000000e+00 1.723190465860280352e-03 1.528972728406426798e-06
6.000000000000000000e+00 1.775992652643356784e-03 1.075252896871284685e-06
7.000000000000000000e+00 1.821766086229265752e-03 1.237854058125595120e-06
8.000000000000000000e+00 1.857819802971814394e-03 1.662705481525741766e-06
9.000000000000000000e+00 1.885861612058369659e-03 1.798912948069991609e-06
1.000000000000000000e+01 1.908443882338367635e-03 2.037493537397510585e-06
1.100000000000000000e+01 1.926214850422961313e-03 1.628292399183487240e-06
1.200000000000000000e+01 1.941463190910930336e-03 1.436534460720235072e-06
1.300000000000000000e+01 1.952032207053609964e-03 1.295631231762119199e-06
