1.000000000000000056e-01 3.245140000000000247e-01 4.212830169850190903e-02
1.000000000000000000e+00 3.006379999999999608e-01 1.102592200226357698e-02
1.500000000000000000e+00 2.882079999999999642e-01 1.276936709473103747e-02
2.000000000000000000e+00 2.447280000000000011e-01 1.345652317651182921e-02
2.500000000000000000e+00 2.217340000000000422e-01 1.104224814066410987e-02
3.000000000000000000e+00 2.001860000000000028e-01 1.142468397812385593e-02
3.500000000000000000e+00 1.714539999999999953e-01 2.889823323319264461e-02
4.000000000000000000e+00 1.497679999999999845e-01 4.298159606157038806e-03
5.000000000000000000e+00 1.189839999999999925e-01 2.048351532330324690e-03
6.000000000000000000e+00 9.941800000000000637e-02 1.746790199193937838e-03
7.000000000000000000e+00 8.970999999999999808e-02 2.571750376688998387e-03
9.000000000000000000e+00 7.513599999999999446e-02 3.128179023010032710e-03
1.000000000000000000e+01 7.160400000000000098e-02 1.856659365634953825e-03
1.100000000000000000e+01 5.818400000000000655e-02 2.268511406186884440e-03
1.300000000000000000e+01 4.862199999999999855e-02 2.125821253069034439e-03
1.400000000000000000e+01 4.905800000000000438e-02 1.744315338463776075e-03
1.500000000000000000e+01 4.879800000000000804e-02 2.429237740526850667e-03
