1.000000000000000021e-02 4.831280000000000019e-01 4.913208320435847633e-03
1.000000000000000056e-01 4.198999999999999955e-01 4.525704365068494717e-03
5.999999999999999778e-01 2.875899999999999568e-01 4.879948770222896151e-03
1.000000000000000000e+00 2.687420000000000364e-01 3.430369659380753077e-03
1.500000000000000000e+00 2.375099999999999989e-01 2.699981481417970328e-03
2.000000000000000000e+00 2.184900000000000175e-01 3.461488119292051475e-03
3.000000000000000000e+00 1.898340000000000027e-01 2.979000503524632890e-03
4.000000000000000000e+00 1.667859999999999898e-01 4.107578848908439821e-03
5.000000000000000000e+00 1.278259999999999952e-01 4.990363113040977884e-03
6.000000000000000000e+00 1.247340000000000115e-01 3.120776185502577293e-03
7.000000000000000000e+00 1.159300000000000053e-01 3.595705772167682047e-03
8.000000000000000000e+00 8.948799999999998422e-02 2.730907541459433145e-03
9.000000000000000000e+00 7.988399999999998280e-02 4.002817008058201335e-03
1.000000000000000000e+01 6.121399999999999758e-02 2.964490512718838920e-03
1.100000000000000000e+01 5.681800000000001433e-02 3.777416577503731488e-03
1.200000000000000000e+01 5.920400000000000662e-02 2.717054287275099105e-03
1.300000000000000000e+01 5.614400000000001334e-02 3.067126342360222951e-03
1.500000000000000000e+01 4.817600000000000354e-02 2.244331526312456741e-03
