1.000000000000000056e-01 2.927300000000000457e-01 3.232506767200962489e-03
5.000000000000000000e-01 2.402339999999999753e-01 3.048154195574758613e-03
8.000000000000000444e-01 2.303820000000000034e-01 3.857988595110147488e-03
1.000000000000000000e+00 2.307200000000000362e-01 3.142228508558851663e-03
1.500000000000000000e+00 2.227700000000000513e-01 4.357189461109079766e-03
2.000000000000000000e+00 2.008020000000000083e-01 3.611481136597554601e-03
2.500000000000000000e+00 1.726800000000000002e-01 4.693996165315853647e-03
3.000000000000000000e+00 1.773019999999999874e-01 4.887821191492178544e-03
3.500000000000000000e+00 1.498779999999999835e-01 3.419812275549642070e-03
5.000000000000000000e+00 1.189839999999999925e-01 2.048351532330324690e-03
6.000000000000000000e+00 9.941800000000000637e-02 1.746790199193937838e-03
7.000000000000000000e+00 8.970999999999999808e-02 2.571750376688998387e-03
9.000000000000000000e+00 7.513599999999999446e-02 3.128179023010032710e-03
1.000000000000000000e+01 7.160400000000000098e-02 1.856659365634953825e-03
1.100000000000000000e+01 5.818400000000000655e-02 2.268511406186884440e-03
1.300000000000000000e+01 4.862199999999999855e-02 2.125821253069034439e-03
1.400000000000000000e+01 4.905800000000000438e-02 1.744315338463776075e-03
1.500000000000000000e+01 4.879800000000000804e-02 2.429237740526850667e-03
