1.000000000000000056e-01 2.838240000000000207e-01 4.605759872160059519e-03
5.000000000000000000e-01 2.285120000000000207e-01 3.506259545441553754e-03
8.000000000000000444e-01 2.250920000000000420e-01 3.410503775104203102e-03
1.000000000000000000e+00 2.173680000000000057e-01 3.834133018036805975e-03
1.500000000000000000e+00 2.034120000000000372e-01 2.744131192199081217e-03
2.000000000000000000e+00 1.845199999999999896e-01 2.790985489034297166e-03
2.500000000000000000e+00 1.641479999999999884e-01 4.015232994484880386e-03
3.000000000000000000e+00 1.633839999999999737e-01 3.238602167602563052e-03
3.500000000000000000e+00 1.461959999999999649e-01 3.390218871990421240e-03
5.000000000000000000e+00 1.189839999999999925e-01 2.048351532330324690e-03
6.000000000000000000e+00 9.941800000000000637e-02 1.746790199193937838e-03
7.000000000000000000e+00 8.970999999999999808e-02 2.571750376688998387e-03
9.000000000000000000e+00 7.513599999999999446e-02 3.128179023010032710e-03
1.000000000000000000e+01 7.160400000000000098e-02 1.856659365634953825e-03
1.100000000000000000e+01 5.818400000000000655e-02 2.268511406186884440e-03
1.300000000000000000e+01 4.862199999999999855e-02 2.125821253069034439e-03
1.400000000000000000e+01 4.905800000000000438e-02 1.744315338463776075e-03
1.500000000000000000e+01 4.879800000000000804e-02 2.429237740526850667e-03
