1.000000000000000021e-02 9.756350193725820130e-01 8.256031533654544646e-03
1.000000000000000056e-01 9.721935521012372572e-01 7.542925399543389496e-03
8.000000000000000444e-01 9.238732299771043044e-01 6.920152725958089376e-03
1.000000000000000000e+00 9.161251577598058526e-01 3.482106857148290283e-03
1.500000000000000000e+00 9.397514662568082766e-01 3.457392138421403350e-03
2.000000000000000000e+00 9.566263598843767202e-01 2.776834787896413637e-03
2.500000000000000000e+00 9.647890788059848566e-01 2.452173899561263352e-03
3.000000000000000000e+00 9.684752087602515047e-01 2.106841435074555298e-03
4.000000000000000000e+00 9.729318924761215515e-01 1.732611826542122292e-03
5.000000000000000000e+00 9.758234944570276514e-01 1.582632110378221369e-03
