1.000000000000000021e-02 -6.167133718066743209e-03 1.260126218174632091e-03
1.000000000000000056e-01 -3.025195681231465823e-03 1.082550814658183626e-03
8.000000000000000444e-01 3.231106449125674233e-03 1.286285033396167852e-03
1.000000000000000000e+00 1.499524004517119227e-03 1.035879981400561912e-03
1.500000000000000000e+00 -5.640891512184779922e-04 1.050726080847075436e-03
2.000000000000000000e+00 -9.016753832250038164e-04 8.690667594178290130e-04
2.500000000000000000e+00 -1.048935579785634838e-03 6.677974487550512699e-04
3.000000000000000000e+00 -1.036954946110177052e-03 4.832058796609328059e-04
4.000000000000000000e+00 -9.279688453035471463e-04 3.770380866057001547e-04
5.000000000000000000e+00 1.833195335853134720e-03 3.453471655869929822e-04
