1.000000000000000021e-02 5.140185202493935054e-03 2.615743658462431516e-03
1.000000000000000056e-01 5.705094244176836700e-03 3.045019700997107521e-03
8.000000000000000444e-01 5.546691111139840681e-03 2.313553847152222381e-03
1.000000000000000000e+00 6.964637250344932369e-03 1.986749257929108520e-03
1.500000000000000000e+00 3.161828657334201167e-03 2.152684214995181575e-03
2.000000000000000000e+00 2.757147069183000631e-03 1.797295417977117296e-03
2.500000000000000000e+00 2.658709168096185828e-03 1.433356600318535330e-03
3.000000000000000000e+00 2.600045566628117304e-03 1.071189450267830568e-03
4.000000000000000000e+00 2.807129059687463526e-03 8.048212074217209102e-04
5.000000000000000000e+00 2.881085982823805222e-03 7.098846119409142098e-04
