1.000000000000000021e-02 6.741185357892319763e-01 2.198831060775013110e-03
1.000000000000000056e-01 4.790153495661182426e-01 2.502421939995056518e-03
5.000000000000000000e-01 2.090664338740954031e-01 2.075717935309837319e-03
8.000000000000000444e-01 1.796726361139856509e-01 1.632032492552954427e-03
1.000000000000000000e+00 1.656468698007260709e-01 1.288566711293395381e-03
1.500000000000000000e+00 1.343109736237951268e-01 1.429386903910156298e-03
2.000000000000000000e+00 1.029690174450063195e-01 1.310159551226327363e-03
2.500000000000000000e+00 7.017579712848467932e-02 9.769268023732300636e-04
3.000000000000000000e+00 5.459037403063334015e-02 9.682263369965425246e-04
4.000000000000000000e+00 3.588266779161309455e-02 8.410576788638819733e-04
4.500000000000000000e+00 3.200175917609771742e-02 4.893286628204578364e-04
5.000000000000000000e+00 2.635909534759053874e-02 6.995102671094325297e-04
6.000000000000000000e+00 2.061176122337799593e-02 5.974313886757024556e-04
7.000000000000000000e+00 1.685588657677889249e-02 5.414277390239000511e-04
7.500000000000000000e+00 1.681865336543689193e-02 3.179077396640946529e-04
8.000000000000000000e+00 1.685588657677889249e-02 5.414277390239000511e-04
8.500000000000000000e+00 1.468184611063173307e-02 2.846545992965776031e-04
9.500000000000000000e+00 1.303270300254092545e-02 2.393283531496153685e-04