1.000000000000000021e-02 4.382930858542603489e-03 1.433057100652161036e-03
1.000000000000000056e-01 4.849917624142788958e-02 1.489481796076440410e-03
5.000000000000000000e-01 8.726009707535156701e-02 1.582830904486401272e-03
8.000000000000000444e-01 8.758076874274209334e-02 1.600199484312976941e-03
1.000000000000000000e+00 9.013495844393955292e-02 1.597943655098850923e-03
1.500000000000000000e+00 9.044573549250803368e-02 1.637882044493984895e-03
2.000000000000000000e+00 8.851242169969003593e-02 1.674058827721686300e-03
3.000000000000000000e+00 8.302812914062346339e-02 1.694437608729935192e-03
4.000000000000000000e+00 8.201730078705242455e-02 1.630852739350529927e-03
5.000000000000000000e+00 8.033583403324803807e-02 1.697242555124263462e-03
6.000000000000000000e+00 7.812731429986363718e-02 1.707527424051319799e-03
8.000000000000000000e+00 7.810875601723470119e-02 1.672142057051081467e-03
9.000000000000000000e+00 7.755218461281432329e-02 1.627150241680293133e-03
1.000000000000000000e+01 7.770510018448503753e-02 1.592691165299127062e-03
1.100000000000000000e+01 1.372720074772188770e-01 1.313657048770563085e-03
1.200000000000000000e+01 2.050632061353897251e-01 1.256917842879180054e-03
1.300000000000000000e+01 2.096826012515847493e-01 1.236781075311094982e-03
1.500000000000000000e+01 3.850223829615492810e-01 1.412980702137702025e-03
1.700000000000000000e+01 4.817363826670468807e-01 1.987685107653916483e-03
1.800000000000000000e+01 7.652123982013988579e-01 2.409075010835714809e-03
1.900000000000000000e+01 8.145459154584021588e-01 2.716832113154104330e-03
2.000000000000000000e+01 8.395738571377124870e-01 2.605264744188547088e-03
