1.000000000000000021e-02 6.005860845024851846e-01 9.110247001201977890e-03
1.000000000000000056e-01 3.046152486030511142e-01 4.350379825462868770e-03
5.000000000000000000e-01 6.708426046657670061e-02 1.250970314951398848e-03
8.000000000000000444e-01 5.045464368135207933e-02 6.350852276384464723e-04
1.000000000000000000e+00 4.407104533283594944e-02 6.635623926986093353e-04
1.500000000000000000e+00 3.641567899495535415e-02 5.931880587586337277e-04
2.000000000000000000e+00 3.214758184947187625e-02 5.452367294124391356e-04
3.000000000000000000e+00 2.748394296243184681e-02 4.782757837949938172e-04
4.000000000000000000e+00 2.538761462805285210e-02 4.347047347569657776e-04
5.000000000000000000e+00 2.337454362276591979e-02 4.070269351530944493e-04
6.000000000000000000e+00 2.217380582470520473e-02 3.692696775205843180e-04
8.000000000000000000e+00 2.040403163081365781e-02 3.017483473631587024e-04
9.000000000000000000e+00 1.981050015724931251e-02 2.873716331662928575e-04
1.000000000000000000e+01 1.942897804811740195e-02 2.798973254532311308e-04
1.100000000000000000e+01 1.882058788995466178e-02 2.743691900251381505e-04
1.200000000000000000e+01 1.749171803618236945e-02 3.668944863654050774e-04
1.300000000000000000e+01 1.716525830004474520e-02 3.539839513176034572e-04
1.500000000000000000e+01 1.395612917091470541e-02 2.162298910587688637e-04
1.700000000000000000e+01 1.294856026861160476e-02 2.533902660271984100e-04
1.800000000000000000e+01 8.207133329045273804e-03 2.863724469274560509e-04
1.900000000000000000e+01 6.120448646636786338e-03 1.597766519067862127e-04
2.000000000000000000e+01 6.134457240037711340e-03 2.054725162408555384e-04
