1.000000000000000056e-01 3.694814365145358825e-02 3.777972670060888820e-03
5.000000000000000000e-01 7.046869642565105341e-02 3.654324178233688686e-03
1.000000000000000000e+00 7.241657031348695817e-02 3.466106921706737891e-03
3.000000000000000000e+00 7.821828705306130280e-02 3.329166573224373506e-03
4.000000000000000000e+00 7.313906355351573740e-02 3.381012772380497314e-03
6.000000000000000000e+00 6.523009205933168186e-02 3.883113700916816877e-03
7.000000000000000000e+00 9.962558562091754222e-02 1.024592276077283381e-03
7.500000000000000000e+00 9.721275635700223072e-02 1.050245293208276883e-03
8.000000000000000000e+00 1.471866179177333533e-01 1.016085565618698268e-03
8.500000000000000000e+00 9.840627278049635107e-02 1.049030067498459354e-03
9.000000000000000000e+00 2.161334384829517452e-01 1.036592286172380740e-03
1.000000000000000000e+01 4.631347534571423896e-01 2.612687951131969881e-03
1.050000000000000000e+01 4.684445669498630838e-01 1.018424516487991677e-03
1.100000000000000000e+01 6.054525006175045521e-01 2.152135304014728221e-03
1.200000000000000000e+01 6.634582610627576260e-01 2.225006837799966847e-03
1.300000000000000000e+01 7.022583111437010750e-01 1.059075044454823753e-03
1.500000000000000000e+01 7.599990931303002295e-01 2.352019497797039598e-03
1.600000000000000000e+01 7.842236400192120760e-01 1.155885121151548805e-03
1.700000000000000000e+01 7.991630290262085046e-01 1.150999568828672088e-03
1.800000000000000000e+01 8.083359491394274121e-01 2.396963442363154138e-03
1.900000000000000000e+01 8.234340902060569567e-01 1.217690139343696526e-03
2.000000000000000000e+01 8.296379970209755150e-01 2.371068579952344442e-03
