1.000000000000000056e-01 3.694814365145358825e-02 3.777972670060888820e-03
5.000000000000000000e-01 7.046869642565105341e-02 3.654324178233688686e-03
1.000000000000000000e+00 7.241657031348695817e-02 3.466106921706737891e-03
3.000000000000000000e+00 7.821828705306130280e-02 3.329166573224373506e-03
4.000000000000000000e+00 7.313906355351573740e-02 3.381012772380497314e-03
6.000000000000000000e+00 6.523009205933168186e-02 3.883113700916816877e-03
8.000000000000000000e+00 2.890475033542902472e-01 4.505869576466145672e-03
9.000000000000000000e+00 4.256547201937919134e-01 3.688722028449744911e-03
1.100000000000000000e+01 6.379245638897893533e-01 3.347318045383217752e-03
1.200000000000000000e+01 6.888380413933912205e-01 3.328903995774218100e-03
1.500000000000000000e+01 7.715910876932081663e-01 3.295439185995981905e-03
1.800000000000000000e+01 8.155535737230079629e-01 3.266043352578012083e-03
2.000000000000000000e+01 8.345179537746852949e-01 3.271402861945724074e-03
