1.000000000000000056e-01 2.722027705192994196e-01 7.693040103603791292e-03
5.000000000000000000e-01 5.685251030272368833e-02 1.755276345412038006e-03
1.000000000000000000e+00 3.766528568069064248e-02 9.855584732816171159e-04
3.000000000000000000e+00 2.541162855086584807e-02 6.216030257021894862e-04
4.000000000000000000e+00 2.322325693844115233e-02 5.336700806638566483e-04
6.000000000000000000e+00 2.095491222329507949e-02 4.607283189161017899e-04
8.000000000000000000e+00 1.888359419617617260e-02 4.679131597821088533e-04
9.000000000000000000e+00 1.688910263268842554e-02 4.411464673594755093e-04
1.100000000000000000e+01 1.279418738111629157e-02 3.504554171731381613e-04
1.200000000000000000e+01 1.142144949443750154e-02 3.087343724906996506e-04
1.500000000000000000e+01 8.635476117564103854e-03 2.410019428700682545e-04
1.800000000000000000e+01 6.920753473528312022e-03 2.262012905052458744e-04
2.000000000000000000e+01 6.140766011277627896e-03 2.089914207771737973e-04
