1.000000000000000021e-02 1.001744435146362466e+00 5.209080992299358615e-03
1.000000000000000056e-01 9.929482315737582221e-01 2.264762181159474166e-03
5.000000000000000000e-01 9.716241661852342837e-01 6.990760426352147540e-03
8.000000000000000444e-01 9.468186969207872394e-01 3.208415564063150406e-03
1.000000000000000000e+00 9.183127075684157647e-01 3.063594143900498067e-03
1.500000000000000000e+00 9.384629913515464272e-01 3.544432010588565319e-03
2.000000000000000000e+00 9.553670094638661014e-01 2.914416327549575105e-03
2.500000000000000000e+00 9.655590681495690442e-01 1.853019120560665421e-03
4.000000000000000000e+00 9.737254698346701209e-01 1.831437465312405789e-03
5.000000000000000000e+00 9.757810594117979353e-01 1.809070180092352351e-03
