1.000000000000000021e-02 -7.693818586158296651e-04 3.437684710006759536e-04
1.000000000000000056e-01 3.566108037833589685e-03 8.718973685672084953e-04
5.000000000000000000e-01 9.478375982652095799e-03 7.502372113583977500e-04
8.000000000000000444e-01 2.133158522225787369e-03 6.410067618571272524e-04
1.000000000000000000e+00 7.550111742493763496e-03 9.218972449663409129e-04
1.500000000000000000e+00 5.010996710066243851e-03 5.424954467653296357e-04
2.000000000000000000e+00 5.430860627162252714e-03 7.651831991687045413e-04
2.500000000000000000e+00 6.261461978230680771e-03 4.458394238007112789e-04
4.000000000000000000e+00 6.035219576135899926e-03 3.942374590761200275e-04
5.000000000000000000e+00 5.957809665692520747e-03 5.628025222963618096e-04
