1.000000000000000056e-01 2.442480000000000206e-01 1.505252457231012232e-02
1.000000000000000000e+00 2.302960000000000007e-01 1.015994015730407353e-02
2.000000000000000000e+00 1.804580000000000073e-01 8.487651972129868494e-03
3.000000000000000000e+00 1.672679999999999723e-01 3.748089646740053894e-03
4.000000000000000000e+00 1.266180000000000083e-01 1.688099748237644263e-02
5.000000000000000000e+00 1.026099999999999790e-01 1.463413475406045647e-02
6.000000000000000000e+00 8.895600000000000729e-02 1.230829248921230280e-02
7.000000000000000000e+00 7.806599999999999651e-02 5.956647043429722302e-03
8.000000000000000000e+00 7.332999999999999241e-02 3.401925925119473736e-03
9.000000000000000000e+00 6.854799999999998394e-02 3.799433642005078937e-03
1.000000000000000000e+01 5.933200000000000279e-02 1.977315351682678961e-03
1.100000000000000000e+01 5.096600000000001129e-02 5.610779268515202894e-03
1.200000000000000000e+01 4.815000000000000530e-02 5.120107420748123452e-03
1.300000000000000000e+01 4.973800000000001137e-02 3.815934485810782220e-03
1.400000000000000000e+01 4.251999999999999530e-02 1.890396783746733445e-03
1.500000000000000000e+01 3.695799999999999780e-02 3.245340660084854167e-03
