1.000000000000000000e+00 2.637000000000000455e-02 6.935207278805732498e-03
2.000000000000000000e+00 1.867660000000000153e-01 1.424806106107073464e-02
3.000000000000000000e+00 1.678459999999999952e-01 4.496029804171669704e-03
4.000000000000000000e+00 1.223440000000000083e-01 1.773171350997979762e-02
5.000000000000000000e+00 9.939599999999998436e-02 1.767606245745923996e-02
6.000000000000000000e+00 9.140999999999999126e-02 9.660533111583437596e-03
7.000000000000000000e+00 7.821800000000000974e-02 3.241369463668098728e-03
8.000000000000000000e+00 7.309199999999999031e-02 3.450150141660502691e-03
9.000000000000000000e+00 6.932399999999999674e-02 4.549178387357433531e-03
1.000000000000000000e+01 5.918000000000000344e-02 2.031649576083433516e-03
1.100000000000000000e+01 5.107400000000000828e-02 5.102991671558950240e-03
1.200000000000000000e+01 4.757000000000000811e-02 4.912952269257253590e-03
1.300000000000000000e+01 4.988800000000000179e-02 3.089248452293857916e-03
1.400000000000000000e+01 4.275600000000000234e-02 1.827693628593149997e-03
1.500000000000000000e+01 3.705000000000000654e-02 3.251384320562549987e-03
