1.000000000000000000e+00 1.682241073358919589e-04 1.388807129516292066e-07
2.000000000000000000e+00 1.665798806392317902e-04 5.157941287959762172e-07
3.000000000000000000e+00 1.741872896036594310e-04 1.335703214274858792e-07
4.000000000000000000e+00 1.863911573050388117e-04 3.160627551112402288e-08
5.000000000000000000e+00 1.932689179091058682e-04 3.302668244835202070e-07
6.000000000000000000e+00 1.934683812221252904e-04 4.760593576403872551e-08
7.000000000000000000e+00 1.960035077360761514e-04 7.239157530145648235e-08
8.000000000000000000e+00 1.962969365618959000e-04 1.827028651624714525e-08
9.000000000000000000e+00 1.967210004148512207e-04 3.781663479299138119e-08
1.000000000000000000e+01 1.976966894756351128e-04 3.187699280904994405e-08
1.100000000000000000e+01 1.984271750074886604e-04 1.611257380901895194e-08
1.200000000000000000e+01 1.984860477011243785e-04 1.040727310408461573e-08
1.300000000000000000e+01 1.986588992283162066e-04 8.100844573043003713e-09
1.400000000000000000e+01 1.988979619882864913e-04 1.122148251057989644e-08
1.500000000000000000e+01 1.992259035539891202e-04 1.646464811313149307e-08
