1.000000000000000021e-02 4.382930858542603489e-03 1.433057100652161036e-03
1.000000000000000056e-01 4.849917624142788958e-02 1.489481796076440410e-03
5.000000000000000000e-01 8.726009707535156701e-02 1.582830904486401272e-03
8.000000000000000444e-01 8.758076874274209334e-02 1.600199484312976941e-03
1.000000000000000000e+00 9.013495844393955292e-02 1.597943655098850923e-03
1.500000000000000000e+00 9.044573549250803368e-02 1.637882044493984895e-03
2.000000000000000000e+00 8.851242169969003593e-02 1.674058827721686300e-03
3.000000000000000000e+00 8.302812914062346339e-02 1.694437608729935192e-03
4.000000000000000000e+00 8.201730078705242455e-02 1.630852739350529927e-03
5.000000000000000000e+00 8.033583403324803807e-02 1.697242555124263462e-03
6.000000000000000000e+00 7.812731429986363718e-02 1.707527424051319799e-03
7.400000000000000355e+00 1.130150101791426859e-01 1.597067828662820628e-03
8.000000000000000000e+00 7.810875601723470119e-02 1.672142057051081467e-03
9.000000000000000000e+00 7.755218461281432329e-02 1.627150241680293133e-03
1.000000000000000000e+01 7.770510018448503753e-02 1.592691165299127062e-03
1.100000000000000000e+01 1.332716576603340253e-01 1.030356672843428176e-03
1.200000000000000000e+01 1.958023009111062585e-01 2.359474498729722744e-03
1.300000000000000000e+01 2.055780270620584937e-01 1.880786745711705236e-03
1.400000000000000000e+01 2.672122495247845064e-01 1.586497450439990726e-03
1.500000000000000000e+01 3.850223829615492810e-01 1.412980702137702025e-03
1.600000000000000000e+01 6.204068473960303587e-01 1.302891570915418922e-03
1.700000000000000000e+01 7.382531254845753343e-01 1.083898993831426249e-03
1.750000000000000000e+01 7.976947526583637593e-01 1.574487700205429294e-03
1.850000000000000000e+01 8.174730680799738858e-01 1.162793621895563114e-03
1.900000000000000000e+01 8.227825676054606463e-01 1.162655564184841492e-03
1.950000000000000000e+01 8.277372305678656339e-01 1.163401817934399569e-03
2.000000000000000000e+01 8.395738571377124870e-01 2.605264744188547088e-03
