1.000000000000000021e-02 6.005860845024851846e-01 9.110247001201977890e-03
1.000000000000000056e-01 3.046152486030511142e-01 4.350379825462868770e-03
5.000000000000000000e-01 6.708426046657670061e-02 1.250970314951398848e-03
8.000000000000000444e-01 5.045464368135207933e-02 6.350852276384464723e-04
1.000000000000000000e+00 4.407104533283594944e-02 6.635623926986093353e-04
1.500000000000000000e+00 3.641567899495535415e-02 5.931880587586337277e-04
2.000000000000000000e+00 3.214758184947187625e-02 5.452367294124391356e-04
3.000000000000000000e+00 2.748394296243184681e-02 4.782757837949938172e-04
4.000000000000000000e+00 2.538761462805285210e-02 4.347047347569657776e-04
5.000000000000000000e+00 2.337454362276591979e-02 4.070269351530944493e-04
6.000000000000000000e+00 2.217380582470520473e-02 3.692696775205843180e-04
7.400000000000000355e+00 1.970729781150836260e-02 3.198424226029072362e-04
8.000000000000000000e+00 2.040403163081365781e-02 3.017483473631587024e-04
9.000000000000000000e+00 1.981050015724931251e-02 2.873716331662928575e-04
1.000000000000000000e+01 1.942897804811740195e-02 2.798973254532311308e-04
1.100000000000000000e+01 1.827556394713095861e-02 2.735720868553783336e-04
1.200000000000000000e+01 1.713776167544769219e-02 2.264376317476408408e-04
1.300000000000000000e+01 1.677808183100332196e-02 2.152626302498702776e-04
1.400000000000000000e+01 1.628921079163992564e-02 2.625583732112923038e-04
1.500000000000000000e+01 1.395612917091470541e-02 2.162298910587688637e-04
1.600000000000000000e+01 9.503167216608088969e-03 2.101869748040986979e-04
1.700000000000000000e+01 7.343104119078532228e-03 1.601486203451782603e-04
1.750000000000000000e+01 6.236406060573667504e-03 1.479968011645510257e-04
1.850000000000000000e+01 5.969669161956889236e-03 1.389975101696277592e-04
1.900000000000000000e+01 5.781717002748905723e-03 1.373681254064434932e-04
1.950000000000000000e+01 5.608971675842172079e-03 1.357105181176683842e-04
2.000000000000000000e+01 6.134457240037711340e-03 2.054725162408555384e-04
