1.000000000000000021e-02 1.002222450023849271e-02 5.821012341102143033e-04
1.000000000000000056e-01 5.398939939712862207e-02 5.318087533809099992e-04
5.000000000000000000e-01 9.043184624602622346e-02 4.892354635583476058e-04
8.000000000000000444e-01 9.290055207701809759e-02 4.551313843935520941e-04
1.000000000000000000e+00 9.281919570011470944e-02 4.288910289489566595e-04
1.500000000000000000e+00 9.217280806011149408e-02 3.984757137255821305e-04
2.000000000000000000e+00 9.192432468435580983e-02 3.747443031727042150e-04
3.000000000000000000e+00 9.129072395624110436e-02 3.478473531956663770e-04
4.000000000000000000e+00 9.004172537050769698e-02 3.138766603281384023e-04
5.000000000000000000e+00 8.901034974866735283e-02 2.869111378863975492e-04
6.000000000000000000e+00 8.827134808255447662e-02 2.629406035248315916e-04
8.000000000000000000e+00 8.686377034058011259e-02 2.315530625583920709e-04
9.000000000000000000e+00 8.638844527421289665e-02 2.185433090515054679e-04
1.000000000000000000e+01 8.587108070594372256e-02 2.063941496367759955e-04
1.100000000000000000e+01 7.902038911566933166e-02 2.935566733428592186e-04
1.200000000000000000e+01 7.189665551232531093e-02 3.254922600490700395e-04
1.300000000000000000e+01 7.103925083701125021e-02 3.094978632373942672e-04
1.500000000000000000e+01 5.450191764268531164e-02 2.517950483057184450e-04
1.700000000000000000e+01 4.517236401730589240e-02 2.166090581389939302e-04
1.800000000000000000e+01 1.884244217051758707e-02 3.365105081504676018e-04
1.900000000000000000e+01 1.487556017276433877e-02 2.086154316485300914e-04
2.000000000000000000e+01 1.286931616336226686e-02 2.011348014742243384e-04
