1.000000000000000021e-02 6.515292941633162721e-03 3.277078029743793149e-04
1.000000000000000056e-01 3.926108225382416578e-02 3.593880630605926453e-04
5.000000000000000000e-01 8.814415218437550437e-02 3.358356440195035104e-04
8.000000000000000444e-01 8.748835540211069572e-02 3.141980574827469316e-04
1.000000000000000000e+00 9.597795441043320552e-02 3.245988393273751237e-04
1.500000000000000000e+00 9.467577186238808340e-02 2.444415808500705967e-04
2.000000000000000000e+00 5.020126205525639040e-01 2.765087492900481555e-04
2.299999999999999822e+00 8.612725257942218660e-01 3.393538245417823196e-04
2.500000000000000000e+00 9.363113426437494891e-01 2.634871581701317975e-04
2.700000000000000178e+00 9.414898184827824590e-01 2.969382792403315501e-04
3.000000000000000000e+00 9.470563584966159576e-01 2.097592960055396142e-04
4.000000000000000000e+00 9.584824231634263558e-01 1.843248600779773770e-04
5.000000000000000000e+00 9.640857768278867646e-01 1.726482101665285397e-04
