1.000000000000000021e-02 1.922869922331085432e-02 1.038212481024513515e-04
1.000000000000000056e-01 1.237097318394539819e-01 1.625449162477226662e-04
5.000000000000000000e-01 4.006164940679154962e-01 5.256748373644383769e-04
8.000000000000000444e-01 5.958533355221909966e-01 4.559074449902401557e-04
1.000000000000000000e+00 7.783737440978911737e-01 4.612419039240434017e-04
1.500000000000000000e+00 9.551792767812093965e-01 8.714872341068320098e-04
2.000000000000000000e+00 8.683206421668712149e-01 4.834070350998025014e-04
2.299999999999999822e+00 8.792830432539860963e-01 5.936120260878024720e-04
2.500000000000000000e+00 8.934637271585947893e-01 4.952507713733070565e-04
2.700000000000000178e+00 9.030976454913418605e-01 5.602313176977495200e-04
3.000000000000000000e+00 9.135786779567022231e-01 4.008534389199705245e-04
4.000000000000000000e+00 9.354260389690568500e-01 3.583910394858204340e-04
5.000000000000000000e+00 9.462940805851649539e-01 3.375609089134342495e-04
