1.000000000000000021e-02 6.650072184214703315e-03 1.458148115343963207e-04
1.000000000000000056e-01 3.939995242417486387e-02 1.244135288889651513e-04
5.000000000000000000e-01 8.383975897366227614e-02 8.381461223431515954e-05
8.000000000000000444e-01 9.319740406496208884e-02 4.240601031185351703e-05
1.000000000000000000e+00 9.518549529014552757e-02 4.625823574139145152e-05
1.500000000000000000e+00 9.914539043888848102e-02 4.368637062885011492e-05
2.000000000000000000e+00 5.655744112052153716e-02 8.712192819531795079e-05
2.299999999999999822e+00 2.010484405254335527e-02 4.320434540609346545e-05
2.500000000000000000e+00 6.000857518557263168e-03 3.297434949975570803e-05
2.700000000000000178e+00 5.547326645863137271e-03 3.573031095249972302e-05
3.000000000000000000e+00 5.021617272836584843e-03 2.902517152990982763e-05
4.000000000000000000e+00 3.965640689349533496e-03 3.012082190258120407e-05
5.000000000000000000e+00 3.441601462345525008e-03 3.412346402255470626e-05
