# ep, time, en, err, normW, err test
10 0.02 3.62208876 3.62208876 0.00200000 0.22700000
20 0.02 3.89951014 3.89951014 0.00200000 0.23800000
30 0.02 3.98190406 3.98190406 0.00200000 0.23500000
40 0.02 4.00884370 4.00884370 0.00200000 0.23000000
50 0.02 4.01920992 4.01920992 0.00200000 0.23500000
60 0.02 4.03642719 4.03642719 0.00200000 0.23800000
70 0.02 4.04160018 4.04160018 0.00200000 0.23700000
80 0.02 4.04294224 4.04294224 0.00200000 0.23800000
90 0.02 4.04538112 4.04538112 0.00200000 0.23300000
100 0.02 4.04585317 4.04585317 0.00200000 0.23900000
110 0.02 4.04241026 4.04241026 0.00200000 0.23900000
120 0.02 4.05233951 4.05233951 0.00200000 0.23800000
130 0.02 4.04963066 4.04963066 0.00200000 0.23700000
140 0.02 4.05769007 4.05769007 0.00200000 0.23100000
150 0.02 4.05781055 4.05781055 0.00200000 0.22700000
160 0.02 4.06051960 4.06051960 0.00200000 0.23200000
170 0.02 4.06376364 4.06376364 0.00200000 0.22900000
180 0.02 4.06915342 4.06915342 0.00200000 0.22900000
190 0.02 4.06872915 4.06872915 0.00200000 0.22900000
200 0.02 4.07261429 4.07261429 0.00200000 0.22600000
210 0.02 4.07502220 4.07502220 0.00200000 0.22400000
220 0.02 4.07850321 4.07850321 0.00200000 0.22500000
230 0.02 4.08341893 4.08341893 0.00200000 0.22500000
240 0.02 4.08726364 4.08726364 0.00200000 0.22800000
250 0.02 4.10369034 4.10369034 0.00200000 0.22100000
260 0.02 4.10611267 4.10611267 0.00200000 0.22900000
270 0.02 4.10328201 4.10328201 0.00200000 0.22600000
280 0.02 4.10049476 4.10049476 0.00200000 0.22400000
290 0.02 4.10759609 4.10759609 0.00200000 0.22500000
300 0.02 4.10084206 4.10084206 0.00200000 0.22700000
