1.000000000000000021e-02 4.889999999999999347e-01 5.551115123125782702e-17
1.000000000000000056e-01 4.489999999999999547e-01 5.551115123125782702e-17
5.999999999999999778e-01 3.250000000000000666e-01 5.551115123125782702e-17
1.000000000000000000e+00 2.849999999999999756e-01 0.000000000000000000e+00
1.500000000000000000e+00 2.759999999999999676e-01 5.551115123125782702e-17
2.000000000000000000e+00 2.810000000000000830e-01 5.551115123125782702e-17
3.000000000000000000e+00 2.540000000000000036e-01 0.000000000000000000e+00
4.000000000000000000e+00 2.439999999999999114e-01 8.326672684688674053e-17
5.000000000000000000e+00 2.530000000000000582e-01 5.551115123125782702e-17
6.000000000000000000e+00 2.290000000000000646e-01 5.551115123125782702e-17
7.000000000000000000e+00 2.094080000000000108e-01 6.734508148335710846e-04
8.000000000000000000e+00 1.906019999999999659e-01 5.436874101908196252e-04
9.000000000000000000e+00 1.712059999999999693e-01 7.152370236501912580e-04
1.000000000000000000e+01 1.539699999999999680e-01 1.705872210923199195e-04
1.100000000000000000e+01 1.518999999999999517e-01 3.000000000000002448e-04
1.200000000000000000e+01 1.250020000000000020e-01 4.467661580737739848e-05
1.300000000000000000e+01 1.444679999999999853e-01 4.989749492710033934e-04
