1.000000000000000021e-02 8.680783541726452834e-03 8.102668433125283134e-05
1.000000000000000056e-01 3.573976813249106488e-02 1.233972297117201023e-04
5.000000000000000000e-01 4.482031698629396210e-02 1.995199483421138478e-04
8.000000000000000444e-01 3.469075515934771231e-02 9.541971074987247914e-05
1.000000000000000000e+00 2.016667089721463010e-02 7.355790265114500574e-05
1.500000000000000000e+00 5.991259751240023829e-03 9.881625549416005964e-05
2.000000000000000000e+00 6.743134977834901178e-02 2.325675874118672331e-04
2.299999999999999822e+00 3.525749129020509104e-02 9.479844709425188916e-05
2.500000000000000000e+00 9.950356091972341679e-03 6.338504339061860307e-05
2.700000000000000178e+00 9.119482579352588408e-03 6.860808468113240423e-05
3.000000000000000000e+00 8.137291520150750218e-03 5.672830205994436152e-05
4.000000000000000000e+00 6.132609185300568096e-03 5.943491525887881872e-05
5.000000000000000000e+00 5.121867074551616182e-03 6.769720872439101444e-05
