1.000000000000000021e-02 4.889999999999999347e-01 5.551115123125782702e-17
1.000000000000000056e-01 4.489999999999999547e-01 5.551115123125782702e-17
5.999999999999999778e-01 3.250000000000000666e-01 5.551115123125782702e-17
1.000000000000000000e+00 2.849999999999999756e-01 0.000000000000000000e+00
1.500000000000000000e+00 2.759999999999999676e-01 5.551115123125782702e-17
2.000000000000000000e+00 2.810000000000000830e-01 5.551115123125782702e-17
3.000000000000000000e+00 2.540000000000000036e-01 0.000000000000000000e+00
4.000000000000000000e+00 2.439999999999999114e-01 8.326672684688674053e-17
5.000000000000000000e+00 2.530000000000000582e-01 5.551115123125782702e-17
6.000000000000000000e+00 2.319000000000000228e-01 9.909591313469999236e-04
7.000000000000000000e+00 2.047940000000000038e-01 8.387872197404989266e-04
8.000000000000000000e+00 1.883239999999999914e-01 2.027566028517938622e-03
9.000000000000000000e+00 1.713439999999999963e-01 1.199026271605411944e-03
1.000000000000000000e+01 1.571959999999999746e-01 1.437213971543556661e-03
1.100000000000000000e+01 1.508859999999999646e-01 1.035859063772674509e-03
1.200000000000000000e+01 1.275999999999999912e-01 7.293833011524194143e-04
1.300000000000000000e+01 1.397880000000000233e-01 9.914918053115632547e-04
