1.000000000000000021e-02 1.440589415469837285e-02 3.698387690132468996e-03
1.000000000000000056e-01 5.650464564924680133e-02 8.207835208910933822e-03
5.000000000000000000e-01 1.061227680346509966e-01 9.263393584457747798e-03
8.000000000000000444e-01 1.083506157468607789e-01 8.533660593505756897e-03
1.500000000000000000e+00 2.921350129334694956e-01 1.313341558023186327e-02
2.000000000000000000e+00 4.925684533612341154e-01 1.042390443689987511e-02
2.500000000000000000e+00 6.703617064555871252e-01 9.713040389615912058e-04
3.000000000000000000e+00 7.403374586938400448e-01 9.263311063812811356e-04
4.000000000000000000e+00 8.121700342940171291e-01 8.785570512893617259e-04
4.500000000000000000e+00 8.291024323993219092e-01 9.955944512760796922e-04
5.000000000000000000e+00 8.516968848983620388e-01 8.505437675953250211e-04
6.000000000000000000e+00 8.760226100051933251e-01 8.446892045191557643e-04
7.000000000000000000e+00 8.925916894536886081e-01 8.509113760528123557e-04
7.500000000000000000e+00 8.954400855933019043e-01 1.009253273375232494e-03
8.000000000000000000e+00 8.925916894536886081e-01 8.509113760528123557e-04
8.500000000000000000e+00 9.060532452464419295e-01 1.020437315069699620e-03
9.500000000000000000e+00 9.142762854821299134e-01 1.024763190930084176e-03

