1.000000000000000021e-02 6.957899750001921707e-03 5.876568715752110775e-04
1.000000000000000056e-01 4.070142567568788700e-02 6.472608349753546791e-04
5.000000000000000000e-01 8.100773898026045194e-02 5.845559867931460598e-04
8.000000000000000444e-01 8.668387961720296075e-02 8.333438872999247848e-04
1.000000000000000000e+00 8.879073023201571047e-02 1.139827452501366396e-03
1.500000000000000000e+00 8.099469068351643208e-02 5.456322919209648280e-04
2.000000000000000000e+00 5.341883420109568015e-02 6.139363153620374129e-04
2.500000000000000000e+00 3.488314552388081108e-02 3.978176464168484507e-04
3.000000000000000000e+00 2.751111977755776525e-02 4.168476238613112728e-04
4.000000000000000000e+00 1.965629198904166736e-02 4.339977170670829428e-04
4.500000000000000000e+00 1.695953872762963333e-02 4.660951366284597146e-04
5.000000000000000000e+00 1.536517010569169589e-02 4.234948051029293194e-04
6.000000000000000000e+00 1.276543593918425673e-02 3.819854028175053134e-04
7.000000000000000000e+00 1.094640770825921344e-02 3.690700854988193842e-04
7.500000000000000000e+00 1.027771074652501955e-02 4.241754619143017812e-04
8.000000000000000000e+00 1.094640770825921344e-02 3.690700854988193842e-04
8.500000000000000000e+00 9.219157681761276299e-03 4.133801577338548161e-04
9.500000000000000000e+00 8.432826309300979831e-03 4.057369192223693032e-04