1.000000000000000021e-03 4.999543688772318251e-01
2.000000000000000042e-03 4.999131268359987001e-01
3.000000000000000062e-03 4.998689964698975197e-01
4.000000000000000083e-03 4.998248764626679885e-01
5.000000000000000104e-03 4.997807746265601758e-01
6.000000000000000125e-03 4.997366912047819243e-01
7.000000000000000146e-03 4.996926261976700756e-01
8.000000000000000167e-03 4.996485795977754774e-01
8.999999999999999320e-03 4.996045661013133188e-01
1.000000000000000021e-02 4.995605567528674795e-01
1.099999999999999936e-02 4.995165653288937135e-01
1.200000000000000025e-02 4.994725922665245732e-01
1.299999999999999940e-02 4.994286375724065197e-01
1.400000000000000029e-02 4.993847012393052842e-01
1.499999999999999944e-02 4.993407832595408991e-01
1.600000000000000033e-02 4.992968836254205178e-01
1.700000000000000122e-02 4.992530023292526820e-01
1.799999999999999864e-02 4.992091393633477092e-01
1.899999999999999953e-02 4.991652947200175827e-01
2.000000000000000042e-02 4.991214830942429792e-01
2.100000000000000130e-02 4.990776755340868842e-01
2.199999999999999872e-02 4.990338858128952060e-01
2.299999999999999961e-02 4.989901143686710228e-01
2.400000000000000050e-02 4.989463612081377897e-01
2.500000000000000139e-02 4.989026263240828873e-01
2.599999999999999881e-02 4.988589097088453883e-01
2.699999999999999969e-02 4.988152113547513200e-01
2.800000000000000058e-02 4.987715312541280976e-01
2.900000000000000147e-02 4.987278693993048018e-01
2.999999999999999889e-02 4.986842257826124003e-01
3.099999999999999978e-02 4.986406150981180785e-01
3.200000000000000067e-02 4.985970083967599109e-01
3.300000000000000155e-02 4.985534194490474080e-01
3.400000000000000244e-02 4.985098486938718265e-01
3.500000000000000333e-02 4.984662961380350032e-01
3.599999999999999728e-02 4.984227617743463012e-01
3.699999999999999817e-02 4.983792455951637779e-01
3.799999999999999906e-02 4.983357475928326119e-01
3.899999999999999994e-02 4.982922677596993144e-01
4.000000000000000083e-02 4.982488060881120062e-01
4.100000000000000172e-02 4.982053625704205846e-01
4.200000000000000261e-02 4.981619519000957119e-01
4.299999999999999656e-02 4.981185451303380973e-01
4.399999999999999745e-02 4.980751560290970215e-01
4.499999999999999833e-02 4.980317850361709042e-01
4.599999999999999922e-02 4.979884321584412965e-01
4.700000000000000011e-02 4.979450973887394882e-01
4.800000000000000100e-02 4.979017807194427991e-01
4.900000000000000189e-02 4.978584821429158924e-01
5.000000000000000278e-02 4.978152016515240974e-01
5.099999999999999672e-02 4.977719392376350194e-01
5.199999999999999761e-02 4.977286948936177069e-01
5.299999999999999850e-02 4.976854833126683197e-01
5.399999999999999939e-02 4.976422755496275885e-01
5.500000000000000028e-02 4.975990853701656724e-01
5.600000000000000117e-02 4.975559132150071950e-01
5.700000000000000205e-02 4.975127590911143094e-01
5.800000000000000294e-02 4.974696229913407874e-01
5.899999999999999689e-02 4.974265049080835999e-01
5.999999999999999778e-02 4.973834048337261726e-01
6.099999999999999867e-02 4.973403227606538746e-01
6.199999999999999956e-02 4.972972586812532958e-01
6.300000000000000044e-02 4.972542125879129138e-01
6.400000000000000133e-02 4.972111991738812908e-01
6.500000000000000222e-02 4.971681894950077951e-01
6.600000000000000311e-02 4.971251973149679038e-01
6.700000000000000400e-02 4.970822230754320947e-01
6.800000000000000488e-02 4.970392667834444000e-01
6.900000000000000577e-02 4.969963284318811847e-01
7.000000000000000666e-02 4.969534080131590148e-01
7.099999999999999367e-02 4.969105055196809118e-01
7.199999999999999456e-02 4.968676209438516733e-01
7.299999999999999545e-02 4.968247542780774850e-01
7.399999999999999634e-02 4.967819055147665863e-01
7.499999999999999722e-02 4.967390893475513991e-01
7.599999999999999811e-02 4.966962768326488864e-01
7.699999999999999900e-02 4.966534817320287787e-01
7.799999999999999989e-02 4.966107044883272259e-01
7.900000000000000078e-02 4.965679451086715823e-01
8.000000000000000167e-02 4.965252035859606949e-01
8.100000000000000255e-02 4.964824799126312249e-01
8.200000000000000344e-02 4.964397740811059001e-01
8.300000000000000433e-02 4.963970860838090027e-01
8.400000000000000522e-02 4.963544159131665912e-01
8.500000000000000611e-02 4.963117635616066115e-01
8.599999999999999312e-02 4.962691437234824088e-01
8.699999999999999400e-02 4.962265274547276728e-01
8.799999999999999489e-02 4.961839285158994861e-01
8.899999999999999578e-02 4.961413473506200988e-01
8.999999999999999667e-02 4.960987839661011867e-01
9.099999999999999756e-02 4.960562383552648003e-01
9.199999999999999845e-02 4.960137105105673072e-01
9.299999999999999933e-02 4.959712004244514194e-01
9.400000000000000022e-02 4.959287080893612920e-01
9.500000000000000111e-02 4.958862334977428010e-01
9.600000000000000200e-02 4.958437766420437098e-01
9.700000000000000289e-02 4.958013522176804022e-01
9.800000000000000377e-02 4.957589312796429892e-01
9.900000000000000466e-02 4.957165275873731125e-01
1.000000000000000056e-01 4.956741415854994948e-01
1.010000000000000064e-01 4.956317732813195764e-01
1.019999999999999934e-01 4.955894226677787784e-01
1.029999999999999943e-01 4.955470897373535077e-01
1.039999999999999952e-01 4.955047744825065159e-01
1.049999999999999961e-01 4.954624768957019976e-01
1.059999999999999970e-01 4.954201969694059238e-01
1.069999999999999979e-01 4.953779346960859864e-01
1.079999999999999988e-01 4.953357047725682749e-01
1.089999999999999997e-01 4.952934782522298018e-01
1.100000000000000006e-01 4.952512688936976937e-01
1.110000000000000014e-01 4.952090771426284066e-01
1.120000000000000023e-01 4.951669030064065891e-01
1.130000000000000032e-01 4.951247464780010876e-01
1.140000000000000041e-01 4.950826075499086820e-01
1.150000000000000050e-01 4.950404862146122742e-01
1.160000000000000059e-01 4.949983824645959873e-01
1.170000000000000068e-01 4.949562962923462206e-01
1.179999999999999938e-01 4.949142276903508164e-01
1.189999999999999947e-01 4.948721913571977882e-01
1.199999999999999956e-01 4.948301583439709272e-01
1.209999999999999964e-01 4.947881424087888225e-01
1.219999999999999973e-01 4.947461439983567022e-01
1.229999999999999982e-01 4.947041631201480882e-01
1.239999999999999991e-01 4.946621997671554749e-01
1.250000000000000000e-01 4.946202539318959035e-01
1.260000000000000009e-01 4.945783256068727041e-01
1.270000000000000018e-01 4.945364147845904834e-01
1.280000000000000027e-01 4.944945214575557912e-01
1.290000000000000036e-01 4.944526456182767871e-01
1.300000000000000044e-01 4.944108019674605115e-01
1.310000000000000053e-01 4.943689615532084747e-01
1.320000000000000062e-01 4.943271381334399805e-01
1.330000000000000071e-01 4.942853321559314006e-01
1.340000000000000080e-01 4.942435436282461847e-01
1.350000000000000089e-01 4.942017725434005859e-01
1.360000000000000098e-01 4.941600188939325733e-01
1.370000000000000107e-01 4.941182826723656274e-01
1.380000000000000115e-01 4.940765638712250052e-01
1.390000000000000124e-01 4.940348624830376845e-01
1.400000000000000133e-01 4.939931785003325859e-01
1.409999999999999865e-01 4.939515266262973769e-01
1.419999999999999873e-01 4.939098779053526234e-01
1.429999999999999882e-01 4.938682460955320930e-01
1.439999999999999891e-01 4.938266316457056160e-01
1.449999999999999900e-01 4.937850345635279026e-01
1.459999999999999909e-01 4.937434548420392977e-01
1.469999999999999918e-01 4.937018924737986980e-01
1.479999999999999927e-01 4.936603474513501788e-01
1.489999999999999936e-01 4.936188197672397027e-01
1.499999999999999944e-01 4.935773094140146755e-01
1.509999999999999953e-01 4.935358163842247792e-01
1.519999999999999962e-01 4.934943406704213054e-01
1.529999999999999971e-01 4.934528969645656793e-01
1.539999999999999980e-01 4.934114563340319948e-01
1.549999999999999989e-01 4.933700325248079888e-01
1.559999999999999998e-01 4.933286259861340839e-01
1.570000000000000007e-01 4.932872367257242763e-01
1.580000000000000016e-01 4.932458647366436133e-01
1.590000000000000024e-01 4.932045100114734737e-01
1.600000000000000033e-01 4.931631725427809143e-01
1.610000000000000042e-01 4.931218523231343243e-01
1.620000000000000051e-01 4.930805493451039800e-01
1.630000000000000060e-01 4.930392636012623231e-01
1.640000000000000069e-01 4.929980097867870947e-01
1.650000000000000078e-01 4.929567589639500813e-01
1.660000000000000087e-01 4.929155248794939159e-01
1.670000000000000095e-01 4.928743079837962227e-01
1.680000000000000104e-01 4.928331082846653111e-01
1.690000000000000113e-01 4.927919257751908755e-01
1.700000000000000122e-01 4.927507604479751113e-01
1.710000000000000131e-01 4.927096122956062807e-01
1.719999999999999862e-01 4.926684813106738114e-01
1.729999999999999871e-01 4.926273674857686857e-01
1.739999999999999880e-01 4.925862708134844947e-01
1.749999999999999889e-01 4.925452059925931048e-01
1.759999999999999898e-01 4.925041440795356884e-01
1.769999999999999907e-01 4.924630988221359029e-01
1.779999999999999916e-01 4.924220706719321106e-01
1.789999999999999925e-01 4.923810596368287107e-01
1.799999999999999933e-01 4.923400657099399891e-01
1.809999999999999942e-01 4.922990888838896795e-01
1.819999999999999951e-01 4.922581291512868051e-01
1.829999999999999960e-01 4.922171865047417771e-01
1.839999999999999969e-01 4.921762609368672825e-01
1.849999999999999978e-01 4.921353524402773960e-01
1.859999999999999987e-01 4.920944757177215245e-01
1.869999999999999996e-01 4.920536018190715954e-01
1.880000000000000004e-01 4.920127444935626926e-01
1.890000000000000013e-01 4.919719041939185078e-01
1.900000000000000022e-01 4.919310809281406960e-01
1.910000000000000031e-01 4.918902746893684119e-01
1.920000000000000040e-01 4.918494854702468166e-01
1.930000000000000049e-01 4.918087132634063052e-01
1.940000000000000058e-01 4.917679580614786050e-01
1.950000000000000067e-01 4.917272198570973862e-01
1.960000000000000075e-01 4.916864986428983175e-01
1.970000000000000084e-01 4.916457944115188994e-01
1.980000000000000093e-01 4.916051218559931990e-01
1.990000000000000102e-01 4.915644520462225109e-01
2.000000000000000111e-01 4.915237987207197179e-01
2.010000000000000120e-01 4.914831623326663124e-01
2.020000000000000129e-01 4.914425428901281201e-01
2.030000000000000138e-01 4.914019403862699975e-01
2.039999999999999869e-01 4.913613548137606979e-01
2.049999999999999878e-01 4.913207861652535979e-01
2.059999999999999887e-01 4.912802344334040727e-01
2.069999999999999896e-01 4.912396996108692182e-01
2.079999999999999905e-01 4.911991816903077956e-01
2.089999999999999913e-01 4.911586953695079028e-01
2.099999999999999922e-01 4.911182117103017886e-01
2.109999999999999931e-01 4.910777444532878899e-01
2.119999999999999940e-01 4.910372940528801022e-01
2.129999999999999949e-01 4.909968605172447265e-01
2.139999999999999958e-01 4.909564438395720987e-01
2.149999999999999967e-01 4.909160440125526215e-01
2.159999999999999976e-01 4.908756610288613209e-01
2.169999999999999984e-01 4.908352948811751104e-01
2.179999999999999993e-01 4.907949455621722912e-01
2.190000000000000002e-01 4.907546130645338844e-01
2.200000000000000011e-01 4.907143120911999778e-01
2.210000000000000020e-01 4.906740136951657782e-01
2.220000000000000029e-01 4.906337316194582243e-01
2.230000000000000038e-01 4.905934663197494827e-01
2.240000000000000047e-01 4.905532178043077729e-01
2.250000000000000056e-01 4.905129860663490771e-01
2.260000000000000064e-01 4.904727710985855027e-01
2.270000000000000073e-01 4.904325728937140028e-01
2.280000000000000082e-01 4.903923914444330845e-01
2.290000000000000091e-01 4.903522267434429205e-01
2.300000000000000100e-01 4.903120787834459038e-01
2.310000000000000109e-01 4.902719475571463148e-01
2.320000000000000118e-01 4.902318477589590051e-01
2.330000000000000127e-01 4.901917504596076114e-01
2.340000000000000135e-01 4.901516693924364843e-01
2.349999999999999867e-01 4.901116050136452018e-01
2.359999999999999876e-01 4.900715573315702067e-01
2.369999999999999885e-01 4.900315263394540155e-01
2.379999999999999893e-01 4.899915120300327165e-01
2.389999999999999902e-01 4.899515143960269103e-01
2.399999999999999911e-01 4.899115334301589741e-01
2.409999999999999920e-01 4.898715691251530058e-01
2.419999999999999929e-01 4.898316214737353791e-01
2.429999999999999938e-01 4.897917051762815110e-01
2.439999999999999947e-01 4.897517912931180772e-01
2.449999999999999956e-01 4.897118935607175927e-01
2.459999999999999964e-01 4.896720124365874227e-01
2.469999999999999973e-01 4.896321479291697032e-01
2.479999999999999982e-01 4.895923000317329854e-01
2.489999999999999991e-01 4.895524687370352845e-01
2.500000000000000000e-01 4.895126540378194058e-01
2.510000000000000009e-01 4.894728559268295975e-01
2.520000000000000018e-01 4.894330743968122177e-01
2.530000000000000027e-01 4.893933094405151785e-01
2.540000000000000036e-01 4.893535757646900741e-01
2.550000000000000044e-01 4.893138444184670921e-01
2.560000000000000053e-01 4.892741291418031269e-01
2.570000000000000062e-01 4.892344303935406979e-01
2.580000000000000071e-01 4.891947481822290222e-01
2.590000000000000080e-01 4.891550825011625747e-01
2.600000000000000089e-01 4.891154333431221857e-01
2.610000000000000098e-01 4.890758007008724206e-01
2.620000000000000107e-01 4.890361845671797880e-01
2.630000000000000115e-01 4.889965849348126836e-01
2.640000000000000124e-01 4.889570017965413906e-01
2.650000000000000133e-01 4.889174351451384126e-01
2.660000000000000142e-01 4.888778996800657861e-01
2.670000000000000151e-01 4.888383664657923733e-01
2.680000000000000160e-01 4.887988492336702850e-01
2.690000000000000169e-01 4.887593484431427271e-01
2.700000000000000178e-01 4.887198641028316914e-01
2.710000000000000187e-01 4.886803962060591866e-01
2.720000000000000195e-01 4.886409447456299127e-01
2.730000000000000204e-01 4.886015097143329156e-01
2.740000000000000213e-01 4.885620911049590731e-01
2.750000000000000222e-01 4.885226889103009840e-01
2.760000000000000231e-01 4.884833031231533007e-01
2.770000000000000240e-01 4.884439484501946205e-01
2.780000000000000249e-01 4.884045959430762807e-01
2.790000000000000258e-01 4.883652593373601913e-01
2.800000000000000266e-01 4.883259390938772815e-01
2.810000000000000275e-01 4.882866352213603989e-01
2.819999999999999729e-01 4.882473477131580863e-01
2.829999999999999738e-01 4.882080765620975815e-01
2.839999999999999747e-01 4.881688217609905789e-01
2.849999999999999756e-01 4.881295833026501052e-01
2.859999999999999765e-01 4.880903611798912967e-01
2.869999999999999774e-01 4.880511553855311768e-01
2.879999999999999782e-01 4.880119659123891007e-01
2.889999999999999791e-01 4.879728074607074806e-01
2.899999999999999800e-01 4.879336510958273143e-01
2.909999999999999809e-01 4.878945105454486897e-01
2.919999999999999818e-01 4.878553862710542921e-01
2.929999999999999827e-01 4.878162782814530196e-01
2.939999999999999836e-01 4.877771865700207821e-01
2.949999999999999845e-01 4.877381111296096861e-01
2.959999999999999853e-01 4.876990519530557955e-01
2.969999999999999862e-01 4.876600090331968951e-01
2.979999999999999871e-01 4.876209823628728235e-01
2.989999999999999880e-01 4.875819719349250847e-01
2.999999999999999889e-01 4.875429924576747953e-01
3.009999999999999898e-01 4.875040149819837021e-01
3.019999999999999907e-01 4.874650532405038761e-01
3.029999999999999916e-01 4.874261076961611261e-01
3.039999999999999925e-01 4.873871783578780925e-01
3.049999999999999933e-01 4.873482652190582187e-01
3.059999999999999942e-01 4.873093682725763154e-01
3.069999999999999951e-01 4.872704875112912060e-01
3.079999999999999960e-01 4.872316229280632127e-01
3.089999999999999969e-01 4.871927745157548784e-01
3.099999999999999978e-01 4.871539422672305775e-01
3.109999999999999987e-01 4.871151261753566830e-01
3.119999999999999996e-01 4.870763409428929824e-01
3.130000000000000004e-01 4.870375576327011236e-01
3.140000000000000013e-01 4.869987899703318024e-01
3.150000000000000022e-01 4.869600384194150977e-01
3.160000000000000031e-01 4.869213029889533084e-01
3.170000000000000040e-01 4.868825836723774114e-01
3.180000000000000049e-01 4.868438804625874194e-01
3.190000000000000058e-01 4.868051933524669139e-01
3.200000000000000067e-01 4.867665223349013082e-01
3.210000000000000075e-01 4.867278674027777918e-01
3.220000000000000084e-01 4.866892285489857195e-01
3.230000000000000093e-01 4.866506057664164997e-01
3.240000000000000102e-01 4.866120137527166212e-01
3.250000000000000111e-01 4.865734235818811038e-01
3.260000000000000120e-01 4.865348489727504000e-01
3.270000000000000129e-01 4.864962903896848934e-01
3.280000000000000138e-01 4.864577478417683176e-01
3.290000000000000147e-01 4.864192213224596828e-01
3.300000000000000155e-01 4.863807108246840927e-01
3.310000000000000164e-01 4.863422163413502752e-01
3.320000000000000173e-01 4.863037378653684017e-01
3.330000000000000182e-01 4.862652753896510860e-01
3.340000000000000191e-01 4.862268289071123850e-01
3.350000000000000200e-01 4.861884131248097041e-01
3.360000000000000209e-01 4.861499990996904774e-01
3.370000000000000218e-01 4.861116005566945009e-01
3.380000000000000226e-01 4.860732179617101023e-01
3.390000000000000235e-01 4.860348513239405865e-01
3.400000000000000244e-01 4.859965006368727747e-01
3.410000000000000253e-01 4.859581658934548076e-01
3.420000000000000262e-01 4.859198470866188946e-01
3.430000000000000271e-01 4.858815442092980774e-01
3.439999999999999725e-01 4.858432572544277850e-01
3.449999999999999734e-01 4.858049862149456111e-01
3.459999999999999742e-01 4.857667310837912034e-01
3.469999999999999751e-01 4.857285065638153876e-01
3.479999999999999760e-01 4.856902837213479818e-01
3.489999999999999769e-01 4.856520762754045761e-01
3.499999999999999778e-01 4.856138846926598140e-01
3.509999999999999787e-01 4.855757089824017103e-01
3.519999999999999796e-01 4.855375491381453967e-01
3.529999999999999805e-01 4.854994051528648824e-01
3.539999999999999813e-01 4.854612770195170235e-01
3.549999999999999822e-01 4.854231647310605080e-01
3.559999999999999831e-01 4.853850682804562999e-01
3.569999999999999840e-01 4.853469876606669176e-01
3.579999999999999849e-01 4.853089228646574882e-01
3.589999999999999858e-01 4.852708885915373860e-01
3.599999999999999867e-01 4.852328559161205868e-01
3.609999999999999876e-01 4.851948385519029849e-01
3.619999999999999885e-01 4.851568369663732949e-01
3.629999999999999893e-01 4.851188511689057958e-01
3.639999999999999902e-01 4.850808811530445963e-01
3.649999999999999911e-01 4.850429269117889075e-01
3.659999999999999920e-01 4.850049884381212872e-01
3.669999999999999929e-01 4.849670657250259032e-01
3.679999999999999938e-01 4.849291587654888103e-01
3.689999999999999947e-01 4.848912675524983951e-01
3.699999999999999956e-01 4.848534067959568983e-01
3.709999999999999964e-01 4.848155475509682844e-01
3.719999999999999973e-01 4.847777035383141753e-01
3.729999999999999982e-01 4.847398752271012135e-01
3.739999999999999991e-01 4.847020626268285781e-01
3.750000000000000000e-01 4.846642657310690772e-01
3.760000000000000009e-01 4.846264845328456250e-01
3.770000000000000018e-01 4.845887190251640941e-01
3.780000000000000027e-01 4.845509692010320779e-01
3.790000000000000036e-01 4.845132350534592236e-01
3.800000000000000044e-01 4.844755165754572879e-01
3.810000000000000053e-01 4.844378137600400258e-01
3.820000000000000062e-01 4.844001413143083079e-01
3.830000000000000071e-01 4.843624703000365961e-01
3.840000000000000080e-01 4.843248144332992222e-01
3.850000000000000089e-01 4.842871741840755195e-01
3.860000000000000098e-01 4.842495495619548729e-01
3.870000000000000107e-01 4.842119405605391225e-01
3.880000000000000115e-01 4.841743471728768844e-01
3.890000000000000124e-01 4.841367693920001214e-01
3.900000000000000133e-01 4.840992072109416844e-01
3.910000000000000142e-01 4.840616606227371999e-01
3.920000000000000151e-01 4.840241296204239041e-01
3.930000000000000160e-01 4.839866141970415869e-01
3.940000000000000169e-01 4.839491290573705862e-01
3.950000000000000178e-01 4.839116452689264936e-01
3.960000000000000187e-01 4.838741765434940723e-01
3.970000000000000195e-01 4.838367233519547117e-01
3.980000000000000204e-01 4.837992857039896122e-01
3.990000000000000213e-01 4.837618635932299793e-01
4.000000000000000222e-01 4.837244570127504084e-01
4.010000000000000231e-01 4.836870659556085084e-01
4.020000000000000240e-01 4.836496904148633869e-01
4.030000000000000249e-01 4.836123303835759835e-01
4.040000000000000258e-01 4.835749858548097913e-01
4.050000000000000266e-01 4.835376568216301907e-01
4.060000000000000275e-01 4.835003579869839863e-01
4.069999999999999729e-01 4.834630604231883733e-01
4.079999999999999738e-01 4.834257778381599868e-01
4.089999999999999747e-01 4.833885107037121931e-01
4.099999999999999756e-01 4.833512590296201727e-01
4.109999999999999765e-01 4.833140228095443858e-01
4.119999999999999774e-01 4.832768020365856843e-01
4.129999999999999782e-01 4.832395967038276008e-01
4.139999999999999791e-01 4.832024068043551113e-01
4.149999999999999800e-01 4.831652323312553010e-01
4.159999999999999809e-01 4.831280732776174203e-01
4.169999999999999818e-01 4.830909296365328842e-01
4.179999999999999827e-01 4.830538161096071259e-01
4.189999999999999836e-01 4.830167037730087043e-01
4.199999999999999845e-01 4.829796063312126186e-01
4.209999999999999853e-01 4.829425242569941878e-01
4.219999999999999862e-01 4.829054575602246824e-01
4.229999999999999871e-01 4.828684062345939276e-01
4.239999999999999880e-01 4.828313702732293100e-01
4.249999999999999889e-01 4.827943496692402858e-01
4.259999999999999898e-01 4.827573444157378102e-01
4.269999999999999907e-01 4.827203545058352807e-01
4.279999999999999916e-01 4.826833799326478158e-01
4.289999999999999925e-01 4.826464354109870070e-01
4.299999999999999933e-01 4.826094919926647853e-01
4.309999999999999942e-01 4.825725633915085022e-01
4.319999999999999951e-01 4.825356500820703887e-01
4.329999999999999960e-01 4.824987520743567182e-01
4.339999999999999969e-01 4.824618693620871812e-01
4.349999999999999978e-01 4.824250019384132004e-01
4.359999999999999987e-01 4.823881497964683795e-01
4.369999999999999996e-01 4.823513129293875989e-01
4.380000000000000004e-01 4.823144913303081815e-01
4.390000000000000013e-01 4.822776849923695042e-01
4.400000000000000022e-01 4.822408939087129975e-01
4.410000000000000031e-01 4.822041327938053068e-01
4.420000000000000040e-01 4.821673727013888744e-01
4.430000000000000049e-01 4.821306273427067857e-01
4.440000000000000058e-01 4.820938971933375061e-01
4.450000000000000067e-01 4.820571822633866743e-01
4.460000000000000075e-01 4.820204825466044007e-01
4.470000000000000084e-01 4.819837980361684759e-01
4.480000000000000093e-01 4.819471287252388159e-01
4.490000000000000102e-01 4.819104746069766132e-01
4.500000000000000111e-01 4.818738356745455031e-01
4.510000000000000120e-01 4.818372119211111748e-01
4.520000000000000129e-01 4.818006033398414267e-01
4.530000000000000138e-01 4.817640246453671060e-01
4.540000000000000147e-01 4.817274468923791741e-01
4.550000000000000155e-01 4.816908837899753770e-01
4.560000000000000164e-01 4.816543358147925002e-01
4.570000000000000173e-01 4.816178029770381008e-01
4.580000000000000182e-01 4.815812852704925984e-01
4.590000000000000191e-01 4.815447826883603732e-01
4.600000000000000200e-01 4.815082952238275982e-01
4.610000000000000209e-01 4.814718228700821112e-01
4.620000000000000218e-01 4.814353656203136933e-01
4.630000000000000226e-01 4.813989234677146789e-01
4.640000000000000235e-01 4.813624964054791788e-01
4.650000000000000244e-01 4.813260991489176077e-01
4.660000000000000253e-01 4.812897027526754079e-01
4.670000000000000262e-01 4.812533209241499077e-01
4.680000000000000271e-01 4.812169541410687978e-01
4.689999999999999725e-01 4.811806024137428861e-01
4.699999999999999734e-01 4.811442657359836228e-01
4.709999999999999742e-01 4.811079441010217006e-01
4.719999999999999751e-01 4.810716375020702151e-01
4.729999999999999760e-01 4.810353459323432057e-01
4.739999999999999769e-01 4.809990693850572097e-01
4.749999999999999778e-01 4.809628078534309847e-01
4.759999999999999787e-01 4.809265613306851761e-01
4.769999999999999796e-01 4.808903445333301829e-01
4.779999999999999805e-01 4.808541285149625089e-01
4.789999999999999813e-01 4.808179269817272061e-01
4.799999999999999822e-01 4.807817404124756777e-01
4.809999999999999831e-01 4.807455688176249797e-01
4.819999999999999840e-01 4.807094121910168161e-01
4.829999999999999849e-01 4.806732705259090799e-01
4.839999999999999858e-01 4.806371438155412901e-01
4.849999999999999867e-01 4.806010320531542979e-01
4.859999999999999876e-01 4.805649352319910084e-01
4.869999999999999885e-01 4.805288533452971023e-01
4.879999999999999893e-01 4.804927863863197035e-01
4.889999999999999902e-01 4.804567490732961077e-01
4.899999999999999911e-01 4.804207124577581922e-01
4.909999999999999920e-01 4.803846902450519818e-01
4.919999999999999929e-01 4.803486829151868975e-01
4.929999999999999938e-01 4.803126904786872986e-01
4.939999999999999947e-01 4.802767129294263082e-01
4.949999999999999956e-01 4.802407502606889089e-01
4.959999999999999964e-01 4.802048024657408765e-01
4.969999999999999973e-01 4.801688695378499849e-01
4.979999999999999982e-01 4.801329514702861179e-01
4.989999999999999991e-01 4.800970482563211017e-01
5.000000000000000000e-01 4.800611598892293164e-01
5.010000000000000009e-01 4.800252863622873067e-01
5.020000000000000018e-01 4.799894423819675016e-01
5.030000000000000027e-01 4.799535990238962269e-01
5.040000000000000036e-01 4.799177699807608000e-01
5.050000000000000044e-01 4.798819557329704888e-01
5.060000000000000053e-01 4.798461562911213729e-01
5.070000000000000062e-01 4.798103716491177728e-01
5.080000000000000071e-01 4.797746018002739810e-01
5.090000000000000080e-01 4.797388467378849164e-01
5.100000000000000089e-01 4.797031064552472746e-01
5.110000000000000098e-01 4.796673809456600823e-01
5.120000000000000107e-01 4.796316702024244205e-01
5.130000000000000115e-01 4.795959742188434793e-01
5.140000000000000124e-01 4.795603077041912798e-01
5.150000000000000133e-01 4.795246417299564023e-01
5.160000000000000142e-01 4.794889899889551166e-01
5.170000000000000151e-01 4.794533529628214885e-01
5.180000000000000160e-01 4.794177306622637857e-01
5.190000000000000169e-01 4.793821230812179146e-01
5.200000000000000178e-01 4.793465302130250905e-01
5.210000000000000187e-01 4.793109520510073218e-01
5.220000000000000195e-01 4.792753885884881160e-01
5.230000000000000204e-01 4.792398398187934783e-01
5.240000000000000213e-01 4.792043057352513014e-01
5.250000000000000222e-01 4.791687863311920870e-01
5.260000000000000231e-01 4.791332963192350136e-01
5.270000000000000240e-01 4.790978067656829764e-01
5.280000000000000249e-01 4.790623313639476022e-01
5.290000000000000258e-01 4.790268705969237817e-01
5.300000000000000266e-01 4.789914244754338024e-01
5.310000000000000275e-01 4.789559929934453786e-01
5.320000000000000284e-01 4.789205761443269260e-01
5.330000000000000293e-01 4.788851739214273207e-01
5.340000000000000302e-01 4.788497863180973813e-01
5.350000000000000311e-01 4.788144133276898140e-01
5.360000000000000320e-01 4.787790549435598231e-01
5.370000000000000329e-01 4.787437111590647221e-01
5.380000000000000338e-01 4.787083966907196841e-01
5.390000000000000346e-01 4.786730825985816007e-01
5.400000000000000355e-01 4.786377825771295780e-01
5.410000000000000364e-01 4.786024971105549142e-01
5.420000000000000373e-01 4.785672262097965812e-01
5.430000000000000382e-01 4.785319698688539902e-01
5.440000000000000391e-01 4.784967280811229795e-01
5.450000000000000400e-01 4.784615008399794034e-01
5.460000000000000409e-01 4.784262881388012811e-01
5.470000000000000417e-01 4.783910899709685194e-01
5.480000000000000426e-01 4.783559063298633007e-01
5.490000000000000435e-01 4.783207372088700837e-01
5.500000000000000444e-01 4.782855973289560914e-01
5.510000000000000453e-01 4.782504577428614012e-01
5.520000000000000462e-01 4.782153321466086071e-01
5.530000000000000471e-01 4.781802210257221075e-01
5.540000000000000480e-01 4.781451243912597238e-01
5.550000000000000488e-01 4.781100422372530079e-01
5.560000000000000497e-01 4.780749745571249987e-01
5.570000000000000506e-01 4.780399213442790840e-01
5.580000000000000515e-01 4.780048825921202060e-01
5.590000000000000524e-01 4.779698582940555829e-01
5.600000000000000533e-01 4.779348484434945976e-01
5.610000000000000542e-01 4.778998530338490203e-01
5.620000000000000551e-01 4.778648720585326748e-01
5.629999999999999449e-01 4.778299202295310244e-01
5.639999999999999458e-01 4.777949686183052269e-01
5.649999999999999467e-01 4.777600309106300180e-01
5.659999999999999476e-01 4.777251075926011725e-01
5.669999999999999485e-01 4.776901986753580021e-01
5.679999999999999494e-01 4.776553041529645882e-01
5.689999999999999503e-01 4.776204240188740013e-01
5.699999999999999512e-01 4.775855582665188837e-01
5.709999999999999520e-01 4.775507068893338758e-01
5.719999999999999529e-01 4.775158698807556723e-01
5.729999999999999538e-01 4.774810472342231882e-01
5.739999999999999547e-01 4.774462389431778919e-01
5.749999999999999556e-01 4.774114597251906122e-01
5.759999999999999565e-01 4.773766806422212183e-01
5.769999999999999574e-01 4.773419153825614880e-01
5.779999999999999583e-01 4.773071644337137931e-01
5.789999999999999591e-01 4.772724278069406800e-01
5.799999999999999600e-01 4.772377054963390930e-01
5.809999999999999609e-01 4.772029974953890807e-01
5.819999999999999618e-01 4.771683037975512076e-01
5.829999999999999627e-01 4.771336243962870927e-01
5.839999999999999636e-01 4.770989592850610750e-01
5.849999999999999645e-01 4.770643084573394921e-01
5.859999999999999654e-01 4.770296719065907909e-01
5.869999999999999662e-01 4.769950643565464277e-01
5.879999999999999671e-01 4.769604568585587012e-01
5.889999999999999680e-01 4.769258631039277052e-01
5.899999999999999689e-01 4.768912835816002116e-01
5.909999999999999698e-01 4.768567183029648882e-01
5.919999999999999707e-01 4.768221672621510976e-01
5.929999999999999716e-01 4.767876304526666997e-01
5.939999999999999725e-01 4.767531078679996814e-01
5.949999999999999734e-01 4.767185995016391953e-01
5.959999999999999742e-01 4.766841053470768919e-01
5.969999999999999751e-01 4.766496253978064757e-01
5.979999999999999760e-01 4.766151596473243157e-01
5.989999999999999769e-01 4.765807080891285019e-01
5.999999999999999778e-01 4.765462854397140013e-01
6.009999999999999787e-01 4.765118627657864980e-01
6.019999999999999796e-01 4.764774537499056883e-01
6.029999999999999805e-01 4.764430588816985779e-01
6.039999999999999813e-01 4.764086781726425968e-01
6.049999999999999822e-01 4.763743116168999148e-01
6.059999999999999831e-01 4.763399592080087008e-01
6.069999999999999840e-01 4.763056209394864737e-01
6.079999999999999849e-01 4.762712968048524176e-01
6.089999999999999858e-01 4.762369867976277149e-01
6.099999999999999867e-01 4.762026909113362128e-01
6.109999999999999876e-01 4.761684091395038121e-01
6.119999999999999885e-01 4.761341562059556165e-01
6.129999999999999893e-01 4.760999031645367086e-01
6.139999999999999902e-01 4.760656637018166881e-01
6.149999999999999911e-01 4.760314383089441770e-01
6.159999999999999920e-01 4.759972269975272785e-01
6.169999999999999929e-01 4.759630297617615247e-01
6.179999999999999938e-01 4.759288465952126734e-01
6.189999999999999947e-01 4.758946774914257771e-01
6.199999999999999956e-01 4.758605224439476089e-01
6.209999999999999964e-01 4.758263814463273844e-01
6.219999999999999973e-01 4.757922544921159846e-01
6.229999999999999982e-01 4.757581415748671771e-01
6.239999999999999991e-01 4.757240426881367834e-01
6.250000000000000000e-01 4.756899725497114040e-01
6.260000000000000009e-01 4.756559022264786885e-01
6.270000000000000018e-01 4.756218453973006799e-01
6.280000000000000027e-01 4.755878025540826171e-01
6.290000000000000036e-01 4.755537737085251959e-01
6.300000000000000044e-01 4.755197588548575882e-01
6.310000000000000053e-01 4.754857579866756945e-01
6.320000000000000062e-01 4.754517710975548206e-01
6.330000000000000071e-01 4.754177981810713272e-01
6.340000000000000080e-01 4.753838392308041838e-01
6.350000000000000089e-01 4.753498942403349137e-01
6.360000000000000098e-01 4.753159632032468163e-01
6.370000000000000107e-01 4.752820608458520057e-01
6.380000000000000115e-01 4.752481582198772037e-01
6.390000000000000124e-01 4.752142690092154842e-01
6.400000000000000133e-01 4.751803937073730832e-01
6.410000000000000142e-01 4.751465323261865881e-01
6.420000000000000151e-01 4.751126848599185881e-01
6.430000000000000160e-01 4.750788513021930726e-01
6.440000000000000169e-01 4.750450316466128253e-01
6.450000000000000178e-01 4.750112258867821846e-01
6.460000000000000187e-01 4.749774340163078756e-01
6.470000000000000195e-01 4.749436560287988995e-01
6.480000000000000204e-01 4.749098919178663114e-01
6.490000000000000213e-01 4.748761416771239974e-01
6.500000000000000222e-01 4.748424200280673135e-01
6.510000000000000231e-01 4.748086980331093221e-01
6.520000000000000240e-01 4.747749893694876988e-01
6.530000000000000249e-01 4.747412945315427901e-01
6.540000000000000258e-01 4.747076135312091050e-01
6.550000000000000266e-01 4.746739463627828726e-01
6.560000000000000275e-01 4.746402930199186132e-01
6.570000000000000284e-01 4.746066534962490868e-01
6.580000000000000293e-01 4.745730277854088852e-01
6.590000000000000302e-01 4.745394158810347096e-01
6.600000000000000311e-01 4.745058177767654817e-01
6.610000000000000320e-01 4.744722334662428986e-01
6.620000000000000329e-01 4.744386776807077988e-01
6.630000000000000338e-01 4.744051214650649162e-01
6.640000000000000346e-01 4.743715785026232923e-01
6.650000000000000355e-01 4.743380492894065936e-01
6.660000000000000364e-01 4.743045338374901054e-01
6.670000000000000373e-01 4.742710321412040853e-01
6.680000000000000382e-01 4.742375441942309755e-01
6.690000000000000391e-01 4.742040699902315137e-01
6.700000000000000400e-01 4.741706095228681028e-01
6.710000000000000409e-01 4.741371627858053106e-01
6.720000000000000417e-01 4.741037297727099808e-01
6.730000000000000426e-01 4.740703104772515109e-01
6.740000000000000435e-01 4.740369048931014073e-01
6.750000000000000444e-01 4.740035277479305864e-01
6.760000000000000453e-01 4.739701500949278778e-01
6.770000000000000462e-01 4.739367856118175126e-01
6.780000000000000471e-01 4.739034347955379256e-01
6.790000000000000480e-01 4.738700976582668756e-01
6.800000000000000488e-01 4.738367741943690925e-01
6.810000000000000497e-01 4.738034643975574944e-01
6.820000000000000506e-01 4.737701682615230170e-01
6.830000000000000515e-01 4.737368857799582056e-01
6.840000000000000524e-01 4.737036169465579927e-01
6.850000000000000533e-01 4.736703617550194201e-01
6.860000000000000542e-01 4.736371201990419166e-01
6.870000000000000551e-01 4.736038922723274092e-01
6.879999999999999449e-01 4.735706926996152144e-01
6.889999999999999458e-01 4.735374925411470759e-01
6.899999999999999467e-01 4.735043054696121967e-01
6.909999999999999476e-01 4.734711319829039144e-01
6.919999999999999485e-01 4.734379720933056812e-01
6.929999999999999494e-01 4.734048257952166994e-01
6.939999999999999503e-01 4.733716930823801960e-01
6.949999999999999512e-01 4.733385739485175825e-01
6.959999999999999520e-01 4.733054683873514912e-01
6.969999999999999529e-01 4.732723763926071081e-01
6.979999999999999538e-01 4.732392979580120063e-01
6.989999999999999547e-01 4.732062330772958125e-01
6.999999999999999556e-01 4.731731964868226004e-01
7.009999999999999565e-01 4.731401592257113986e-01
7.019999999999999574e-01 4.731071349743228849e-01
7.029999999999999583e-01 4.730741242323610041e-01
7.039999999999999591e-01 4.730411270122583112e-01
7.049999999999999600e-01 4.730081433084483145e-01
7.059999999999999609e-01 4.729751731147024962e-01
7.069999999999999618e-01 4.729422164247704119e-01
7.079999999999999627e-01 4.729092732324027271e-01
7.089999999999999636e-01 4.728763435313526053e-01
7.099999999999999645e-01 4.728434273153753753e-01
7.109999999999999654e-01 4.728105245782289745e-01
7.119999999999999662e-01 4.727776353136733944e-01
7.129999999999999671e-01 4.727447742564255262e-01
7.139999999999999680e-01 4.727119124501837910e-01
7.149999999999999689e-01 4.726790635713734035e-01
7.159999999999999698e-01 4.726462281207380878e-01
7.169999999999999707e-01 4.726134061108208106e-01
7.179999999999999716e-01 4.725805975360901079e-01
7.189999999999999725e-01 4.725478023903481040e-01
7.199999999999999734e-01 4.725150206673743858e-01
7.209999999999999742e-01 4.724822523609504832e-01
7.219999999999999751e-01 4.724494974648595913e-01
7.229999999999999760e-01 4.724167559728876253e-01
7.239999999999999769e-01 4.723840278788226099e-01
7.249999999999999778e-01 4.723513131764551787e-01
7.259999999999999787e-01 4.723186265995121258e-01
7.269999999999999796e-01 4.722859391950051111e-01
7.279999999999999805e-01 4.722532646359874908e-01
7.289999999999999813e-01 4.722206034242857897e-01
7.299999999999999822e-01 4.721879555725558841e-01
7.309999999999999831e-01 4.721553210753013929e-01
7.319999999999999840e-01 4.721226999263550828e-01
7.329999999999999849e-01 4.720900921195272937e-01
7.339999999999999858e-01 4.720574976486294760e-01
7.349999999999999867e-01 4.720249165074755782e-01
7.359999999999999876e-01 4.719923486898817133e-01
7.369999999999999885e-01 4.719597941896666038e-01
7.379999999999999893e-01 4.719272530006511923e-01
7.389999999999999902e-01 4.718947398562354789e-01
7.399999999999999911e-01 4.718622258054663843e-01
7.409999999999999920e-01 4.718297245185945066e-01
7.419999999999999929e-01 4.717972364985720257e-01
7.429999999999999938e-01 4.717647617581705033e-01
7.439999999999999947e-01 4.717323002919289743e-01
7.449999999999999956e-01 4.716998520937107919e-01
7.459999999999999964e-01 4.716674171573568275e-01
7.469999999999999973e-01 4.716349954767090069e-01
7.479999999999999982e-01 4.716025870456116986e-01
7.489999999999999991e-01 4.715701918579116025e-01
7.500000000000000000e-01 4.715378099074579166e-01
7.510000000000000009e-01 4.715054411881017815e-01
7.520000000000000018e-01 4.714731004335868114e-01
7.530000000000000027e-01 4.714407586937047201e-01
7.540000000000000036e-01 4.714084296364766113e-01
7.550000000000000044e-01 4.713761137660246736e-01
7.560000000000000053e-01 4.713438110952389848e-01
7.570000000000000062e-01 4.713115216186938849e-01
7.580000000000000071e-01 4.712792453302837026e-01
7.590000000000000080e-01 4.712469822238795070e-01
7.600000000000000089e-01 4.712147322933540883e-01
7.610000000000000098e-01 4.711824955325821795e-01
7.620000000000000107e-01 4.711502719354409008e-01
7.630000000000000115e-01 4.711180614958099810e-01
7.640000000000000124e-01 4.710858642075710923e-01
7.650000000000000133e-01 4.710536948054873108e-01
7.660000000000000142e-01 4.710215243387934070e-01
7.670000000000000151e-01 4.709893664738593055e-01
7.680000000000000160e-01 4.709572217160217789e-01
7.690000000000000169e-01 4.709250900782920857e-01
7.700000000000000178e-01 4.708929715552804818e-01
7.710000000000000187e-01 4.708608661409118823e-01
7.720000000000000195e-01 4.708287738290881097e-01
7.730000000000000204e-01 4.707966946137120967e-01
7.740000000000000213e-01 4.707646284886893850e-01
7.750000000000000222e-01 4.707325754479276814e-01
7.760000000000000231e-01 4.707005354853370793e-01
7.770000000000000240e-01 4.706685085948302816e-01
7.780000000000000249e-01 4.706365095128717813e-01
7.790000000000000258e-01 4.706045092868255120e-01
7.800000000000000266e-01 4.705725215819936968e-01
7.810000000000000275e-01 4.705405469049727119e-01
7.820000000000000284e-01 4.705085852688983272e-01
7.830000000000000293e-01 4.704766366684163814e-01
7.840000000000000302e-01 4.704447010974827093e-01
7.850000000000000311e-01 4.704127785500297199e-01
7.860000000000000320e-01 4.703808690199908771e-01
7.870000000000000329e-01 4.703489725013021983e-01
7.880000000000000338e-01 4.703170889879021987e-01
7.890000000000000346e-01 4.702852184737315033e-01
7.900000000000000355e-01 4.702533609527329017e-01
7.910000000000000364e-01 4.702215311637631956e-01
7.920000000000000373e-01 4.701897001509879881e-01
7.930000000000000382e-01 4.701578815792297750e-01
7.940000000000000391e-01 4.701260759563914982e-01
7.950000000000000400e-01 4.700942832957354933e-01
7.960000000000000409e-01 4.700625035919437922e-01
7.970000000000000417e-01 4.700307368390033158e-01
7.980000000000000426e-01 4.699989830308766159e-01
7.990000000000000435e-01 4.699672421615281870e-01
8.000000000000000444e-01 4.699355142249245776e-01
8.010000000000000453e-01 4.699037992150345011e-01
8.020000000000000462e-01 4.698720971258295021e-01
8.030000000000000471e-01 4.698404079512831788e-01
8.040000000000000480e-01 4.698087464333394192e-01
8.050000000000000488e-01 4.697770836116271220e-01
8.060000000000000497e-01 4.697454331510823033e-01
8.070000000000000506e-01 4.697137955609608784e-01
8.080000000000000515e-01 4.696821708546551899e-01
8.090000000000000524e-01 4.696505590268835739e-01
8.100000000000000533e-01 4.696189600716635937e-01
8.110000000000000542e-01 4.695873739829887206e-01
8.120000000000000551e-01 4.695558007548538137e-01
8.129999999999999449e-01 4.695242403812561749e-01
8.139999999999999458e-01 4.694926928561952151e-01
8.149999999999999467e-01 4.694611581736728989e-01
8.159999999999999476e-01 4.694296363276935780e-01
8.169999999999999485e-01 4.693981420639912749e-01
8.179999999999999494e-01 4.693666464163063767e-01
8.189999999999999503e-01 4.693351630502868854e-01
8.199999999999999512e-01 4.693036924765889850e-01
8.209999999999999520e-01 4.692722347087381896e-01
8.219999999999999529e-01 4.692407897414893059e-01
8.229999999999999538e-01 4.692093575688905949e-01
8.239999999999999547e-01 4.691779381849663921e-01
8.249999999999999556e-01 4.691465315837420880e-01
8.259999999999999565e-01 4.691151377592455152e-01
8.269999999999999574e-01 4.690837567055070045e-01
8.279999999999999583e-01 4.690523884165588853e-01
8.289999999999999591e-01 4.690210328864362066e-01
8.299999999999999600e-01 4.689896901091761827e-01
8.309999999999999609e-01 4.689583748212007852e-01
8.319999999999999618e-01 4.689270580757144979e-01
8.329999999999999627e-01 4.688957535276586097e-01
8.339999999999999636e-01 4.688644616883121952e-01
8.349999999999999645e-01 4.688331825712939160e-01
8.359999999999999654e-01 4.688019161713948835e-01
8.369999999999999662e-01 4.687706624826969981e-01
8.379999999999999671e-01 4.687394214992571806e-01
8.389999999999999680e-01 4.687081932151341834e-01
8.399999999999999689e-01 4.686769776243887020e-01
8.409999999999999698e-01 4.686457747210838742e-01
8.419999999999999707e-01 4.686145844992855025e-01
8.429999999999999716e-01 4.685834069530612211e-01
8.439999999999999725e-01 4.685522568240576002e-01
8.449999999999999734e-01 4.685211051568303753e-01
8.459999999999999742e-01 4.684899656082563979e-01
8.469999999999999751e-01 4.684588386911113789e-01
8.479999999999999760e-01 4.684277244191529244e-01
8.489999999999999769e-01 4.683966227872088939e-01
8.499999999999999778e-01 4.683655337893921078e-01
8.509999999999999787e-01 4.683344574197902954e-01
8.519999999999999796e-01 4.683033936724926849e-01
8.529999999999999805e-01 4.682723425415908913e-01
8.539999999999999813e-01 4.682413040211785837e-01
8.549999999999999822e-01 4.682102781053519847e-01
8.559999999999999831e-01 4.681792647882099256e-01
8.569999999999999840e-01 4.681482788173459975e-01
8.579999999999999849e-01 4.681172912272776876e-01
8.589999999999999858e-01 4.680863156774309752e-01
8.599999999999999867e-01 4.680553526821278898e-01
8.609999999999999876e-01 4.680244022552680905e-01
8.619999999999999885e-01 4.679934643917167958e-01
8.629999999999999893e-01 4.679625390856174127e-01
8.639999999999999902e-01 4.679316263310884794e-01
8.649999999999999911e-01 4.679007261222499769e-01
8.659999999999999920e-01 4.678698384532239962e-01
8.669999999999999929e-01 4.678389633181351259e-01
8.679999999999999938e-01 4.678081007111101752e-01
8.689999999999999947e-01 4.677772506262783958e-01
8.699999999999999956e-01 4.677464130577714818e-01
8.709999999999999964e-01 4.677156027460839249e-01
8.719999999999999973e-01 4.676847907409341087e-01
8.729999999999999982e-01 4.676539906929377821e-01
8.739999999999999991e-01 4.676232031171845827e-01
8.750000000000000000e-01 4.675924280276759770e-01
8.760000000000000009e-01 4.675616654193140986e-01
8.770000000000000018e-01 4.675309152862758832e-01
8.780000000000000027e-01 4.675001776227128980e-01
8.790000000000000036e-01 4.674694524227780978e-01
8.800000000000000044e-01 4.674387396806264916e-01
8.810000000000000053e-01 4.674080393904159192e-01
8.820000000000000062e-01 4.673773515463061079e-01
8.830000000000000071e-01 4.673466761424592830e-01
8.840000000000000080e-01 4.673160279267924988e-01
8.850000000000000089e-01 4.672853779361494930e-01
8.860000000000000098e-01 4.672547398249494166e-01
8.870000000000000107e-01 4.672241141099284234e-01
8.880000000000000115e-01 4.671935008052366944e-01
8.890000000000000124e-01 4.671628999058137777e-01
8.900000000000000133e-01 4.671323114058673065e-01
8.910000000000000142e-01 4.671017352995799898e-01
8.920000000000000151e-01 4.670711715811349807e-01
8.930000000000000160e-01 4.670406202447184851e-01
8.940000000000000169e-01 4.670100812845184857e-01
8.950000000000000178e-01 4.669795546947257958e-01
8.960000000000000187e-01 4.669490404695331165e-01
8.970000000000000195e-01 4.669185533650241915e-01
8.980000000000000204e-01 4.668880644037388117e-01
8.990000000000000213e-01 4.668575872445285824e-01
9.000000000000000222e-01 4.668271224058286872e-01
9.010000000000000231e-01 4.667966699019411858e-01
9.020000000000000240e-01 4.667662297278433736e-01
9.030000000000000249e-01 4.667358018777738038e-01
9.040000000000000258e-01 4.667053863459457164e-01
9.050000000000000266e-01 4.666749831265732951e-01
9.060000000000000275e-01 4.666445922138729996e-01
9.070000000000000284e-01 4.666142136020637876e-01
9.080000000000000293e-01 4.665838472853668928e-01
9.090000000000000302e-01 4.665534932580061023e-01
9.100000000000000311e-01 4.665231515142070906e-01
9.110000000000000320e-01 4.664928368052265739e-01
9.120000000000000329e-01 4.664625201644314045e-01
9.130000000000000338e-01 4.664322152438032942e-01
9.140000000000000346e-01 4.664019225626964138e-01
9.150000000000000355e-01 4.663716421355240116e-01
9.160000000000000364e-01 4.663413739573009087e-01
9.170000000000000373e-01 4.663111180222990759e-01
9.180000000000000382e-01 4.662808743247647825e-01
9.190000000000000391e-01 4.662506428589451857e-01
9.200000000000000400e-01 4.662204236190897744e-01
9.210000000000000409e-01 4.661902165994507019e-01
9.220000000000000417e-01 4.661600217942818980e-01
9.230000000000000426e-01 4.661298391978404010e-01
9.240000000000000435e-01 4.660996688043850256e-01
9.250000000000000444e-01 4.660695253611276123e-01
9.260000000000000453e-01 4.660393799107551138e-01
9.270000000000000462e-01 4.660092460990493124e-01
9.280000000000000471e-01 4.659791244463343252e-01
9.290000000000000480e-01 4.659490149671380865e-01
9.300000000000000488e-01 4.659189176565129986e-01
9.310000000000000497e-01 4.658888325087647275e-01
9.320000000000000506e-01 4.658587595181721275e-01
9.330000000000000515e-01 4.658286986790154960e-01
9.340000000000000524e-01 4.657986499855775731e-01
9.350000000000000533e-01 4.657686134321432081e-01
9.360000000000000542e-01 4.657385890129996930e-01
9.370000000000000551e-01 4.657085767224367068e-01
9.379999999999999449e-01 4.656785913181220038e-01
9.389999999999999458e-01 4.656486038240391090e-01
9.399999999999999467e-01 4.656186278923432065e-01
9.409999999999999476e-01 4.655886640452159830e-01
9.419999999999999485e-01 4.655587122973471881e-01
9.429999999999999494e-01 4.655287726438274154e-01
9.439999999999999503e-01 4.654988450789933063e-01
9.449999999999999512e-01 4.654689295971545238e-01
9.459999999999999520e-01 4.654390261926218963e-01
9.469999999999999529e-01 4.654091348597088063e-01
9.479999999999999538e-01 4.653792555927306895e-01
9.489999999999999547e-01 4.653493883860055913e-01
9.499999999999999556e-01 4.653195332338537216e-01
9.509999999999999565e-01 4.652896901305978994e-01
9.519999999999999574e-01 4.652598738314296933e-01
9.529999999999999583e-01 4.652300553666351979e-01
9.539999999999999591e-01 4.652002483835052105e-01
9.549999999999999600e-01 4.651704534052977236e-01
9.559999999999999609e-01 4.651406704468233899e-01
9.569999999999999618e-01 4.651108995032112725e-01
9.579999999999999627e-01 4.650811405688310973e-01
9.589999999999999636e-01 4.650513936380255009e-01
9.599999999999999645e-01 4.650216587051385075e-01
9.609999999999999654e-01 4.649919357645161955e-01
9.619999999999999662e-01 4.649622248105071964e-01
9.629999999999999671e-01 4.649325258374623071e-01
9.639999999999999680e-01 4.649028388397349887e-01
9.649999999999999689e-01 4.648731638116808118e-01
9.659999999999999698e-01 4.648435155068181834e-01
9.669999999999999707e-01 4.648138649601908923e-01
9.679999999999999716e-01 4.647842258149099126e-01
9.689999999999999725e-01 4.647545985953632774e-01
9.699999999999999734e-01 4.647249833164862065e-01
9.709999999999999742e-01 4.646953799734458990e-01
9.719999999999999751e-01 4.646657885606456095e-01
9.729999999999999760e-01 4.646362090724607263e-01
9.739999999999999769e-01 4.646066415032683028e-01
9.749999999999999778e-01 4.645770858474472798e-01
9.759999999999999787e-01 4.645475420993794846e-01
9.769999999999999796e-01 4.645180102534485767e-01
9.779999999999999805e-01 4.644884903040408797e-01
9.789999999999999813e-01 4.644589822455448824e-01
9.799999999999999822e-01 4.644295008306152939e-01
9.809999999999999831e-01 4.644000170974962871e-01
9.819999999999999840e-01 4.643705446858084063e-01
9.829999999999999849e-01 4.643410841211245144e-01
9.839999999999999858e-01 4.643116354185075068e-01
9.849999999999999867e-01 4.642821985731633849e-01
9.859999999999999876e-01 4.642527735795283772e-01
9.869999999999999885e-01 4.642233604320109008e-01
9.879999999999999893e-01 4.641939591250209829e-01
9.889999999999999902e-01 4.641645696529707044e-01
9.899999999999999911e-01 4.641351920102743112e-01
9.909999999999999920e-01 4.641058261913488248e-01
9.919999999999999929e-01 4.640764721906132095e-01
9.929999999999999938e-01 4.640471447743336197e-01
9.939999999999999947e-01 4.640178149559918142e-01
9.949999999999999956e-01 4.639884963842472732e-01
9.959999999999999964e-01 4.639591895867525850e-01
9.969999999999999973e-01 4.639298945787471151e-01
9.979999999999999982e-01 4.639006113554756117e-01
9.989999999999999991e-01 4.638713399114052782e-01
1.000000000000000000e+00 4.638420802409753962e-01
1.100000000000000089e+00 4.609747312779911010e-01
1.199999999999999956e+00 4.582196312414348882e-01
1.300000000000000044e+00 4.555715607739491135e-01
1.399999999999999911e+00 4.530255553481348230e-01
1.500000000000000000e+00 4.505768448261956993e-01
1.600000000000000089e+00 4.482209074766825840e-01
1.699999999999999956e+00 4.459534193175727079e-01
1.800000000000000044e+00 4.437702474394094043e-01
1.899999999999999911e+00 4.416674875798767830e-01
2.000000000000000000e+00 4.396413973218278870e-01
2.100000000000000089e+00 4.376884629197642096e-01
2.200000000000000178e+00 4.358052726573435898e-01
2.299999999999999822e+00 4.339886730408408777e-01
2.399999999999999911e+00 4.322355973328348977e-01
2.500000000000000000e+00 4.305431772976526794e-01
2.600000000000000089e+00 4.289086612931201081e-01
2.700000000000000178e+00 4.273294819106654985e-01
2.799999999999999822e+00 4.258031292170706972e-01
2.899999999999999911e+00 4.243273088963347983e-01
3.000000000000000000e+00 4.228997710026333734e-01
3.100000000000000089e+00 4.215184384900820813e-01
3.200000000000000178e+00 4.201812663606734888e-01
3.299999999999999822e+00 4.188864012006708881e-01
3.399999999999999911e+00 4.176320104662024080e-01
3.500000000000000000e+00 4.164163974616675867e-01
3.600000000000000089e+00 4.152379364038247256e-01
3.700000000000000178e+00 4.140950828112024973e-01
3.799999999999999822e+00 4.129863690959270084e-01
3.899999999999999911e+00 4.119103850856115079e-01
4.000000000000000000e+00 4.108658196591281064e-01
4.099999999999999645e+00 4.098514114991663182e-01
4.200000000000000178e+00 4.088659607391315065e-01
4.299999999999999822e+00 4.079083104564018014e-01
4.400000000000000355e+00 4.069774039897351980e-01
4.500000000000000000e+00 4.060721762398958878e-01
4.599999999999999645e+00 4.051916565515011892e-01
4.700000000000000178e+00 4.043349056476914227e-01
4.799999999999999822e+00 4.035010282635758116e-01
4.900000000000000355e+00 4.026891708009612825e-01
5.000000000000000000e+00 4.018985038994081216e-01
5.099999999999999645e+00 4.011282809428953766e-01
5.200000000000000178e+00 4.003777301943630129e-01
5.299999999999999822e+00 3.996461739978356964e-01
5.400000000000000355e+00 3.989329056278396735e-01
5.500000000000000000e+00 3.982372941850189085e-01
5.599999999999999645e+00 3.975587220601600746e-01
5.700000000000000178e+00 3.968965834130463999e-01
5.799999999999999822e+00 3.962503438593230065e-01
5.900000000000000355e+00 3.956194477618826810e-01
6.000000000000000000e+00 3.950033624216244821e-01
6.099999999999999645e+00 3.944016230398464939e-01
6.200000000000000178e+00 3.938137245550291099e-01
6.299999999999999822e+00 3.932392276601452963e-01
6.400000000000000355e+00 3.926776965682988729e-01
6.500000000000000000e+00 3.921287286851655729e-01
6.599999999999999645e+00 3.915918927285875761e-01
6.700000000000000178e+00 3.910668194541551124e-01
6.799999999999999822e+00 3.905531245024104203e-01
6.900000000000000355e+00 3.900504840837312193e-01
7.000000000000000000e+00 3.895585426725287070e-01
7.099999999999999645e+00 3.890769733368852901e-01
7.200000000000000178e+00 3.886054465277344883e-01
7.299999999999999822e+00 3.881436907288720040e-01
7.400000000000000355e+00 3.876913850323888133e-01
7.500000000000000000e+00 3.872482804021706859e-01
7.599999999999999645e+00 3.868140775857645819e-01
7.700000000000000178e+00 3.863885482698873886e-01
7.799999999999999822e+00 3.859714127012813800e-01
7.900000000000000355e+00 3.855624462617202042e-01
8.000000000000000000e+00 3.851614177611176193e-01
8.099999999999999645e+00 3.847681196484369903e-01
8.199999999999999289e+00 3.843823066073895900e-01
8.300000000000000711e+00 3.840037868762208872e-01
8.400000000000000355e+00 3.836323607528959734e-01
8.500000000000000000e+00 3.832678355625181998e-01
8.599999999999999645e+00 3.829100253736140158e-01
8.699999999999999289e+00 3.825587507136287146e-01
8.800000000000000711e+00 3.822138230059755060e-01
8.900000000000000355e+00 3.818751053577738030e-01
9.000000000000000000e+00 3.815424209220020790e-01
9.099999999999999645e+00 3.812156134669364982e-01
9.199999999999999289e+00 3.808945320066781104e-01
9.300000000000000711e+00 3.805790151606042726e-01
9.400000000000000355e+00 3.802689523541538108e-01
9.500000000000000000e+00 3.799641918843754129e-01
9.599999999999999645e+00 3.796645861618915818e-01
9.699999999999999289e+00 3.793700380145784146e-01
9.800000000000000711e+00 3.790803931376486857e-01
9.900000000000000355e+00 3.787955621744688028e-01
1.000000000000000000e+01 3.785153986719185237e-01
1.009999999999999964e+01 3.782398206526049744e-01
1.019999999999999929e+01 3.779686887778704873e-01
1.030000000000000071e+01 3.777019280496822784e-01
1.040000000000000036e+01 3.774394055563456973e-01
1.050000000000000000e+01 3.771810375618886990e-01
1.059999999999999964e+01 3.769267430213436021e-01
1.069999999999999929e+01 3.766763982092780072e-01
1.080000000000000071e+01 3.764299279643497087e-01
1.090000000000000036e+01 3.761872597021808096e-01
1.100000000000000000e+01 3.759482776296907969e-01
1.109999999999999964e+01 3.757129144024682899e-01
1.119999999999999929e+01 3.754810897295512984e-01
1.130000000000000071e+01 3.752527256228078145e-01
1.140000000000000036e+01 3.750277614966378015e-01
1.150000000000000000e+01 3.748060933370395142e-01
1.159999999999999964e+01 3.745876649033105243e-01
1.169999999999999929e+01 3.743724067288687896e-01
1.180000000000000071e+01 3.741602512719727769e-01
1.190000000000000036e+01 3.739511328689822944e-01
1.200000000000000000e+01 3.737449876705200014e-01
1.209999999999999964e+01 3.735417535801578981e-01
1.219999999999999929e+01 3.733413701955378139e-01
1.230000000000000071e+01 3.731437787518180893e-01
1.240000000000000036e+01 3.729489220673378735e-01
1.250000000000000000e+01 3.727567444914033912e-01
1.259999999999999964e+01 3.725671918541005878e-01
1.269999999999999929e+01 3.723802114180426726e-01
1.280000000000000071e+01 3.721957518319709002e-01
1.290000000000000036e+01 3.720137630861244937e-01
1.300000000000000000e+01 3.718341964693042123e-01
1.309999999999999964e+01 3.716570045275557899e-01
1.319999999999999929e+01 3.714821410244044109e-01
1.330000000000000071e+01 3.713095609025723887e-01
1.340000000000000036e+01 3.711392050145781996e-01
1.350000000000000000e+01 3.709710608499544038e-01
1.359999999999999964e+01 3.708050716138603931e-01
1.369999999999999929e+01 3.706411965890333837e-01
1.380000000000000071e+01 3.704793960870964020e-01
1.390000000000000036e+01 3.703196313969921993e-01
1.400000000000000000e+01 3.701618494345577104e-01
1.409999999999999964e+01 3.700060437518974954e-01
1.419999999999999929e+01 3.698521633262270014e-01
1.430000000000000071e+01 3.697001730483606141e-01
1.440000000000000036e+01 3.695500234019730157e-01
1.450000000000000000e+01 3.694017111981806045e-01
1.459999999999999964e+01 3.692551888245316771e-01
1.469999999999999929e+01 3.691104243856351830e-01
1.480000000000000071e+01 3.689673713721742798e-01
1.490000000000000036e+01 3.688260297997089099e-01
1.500000000000000000e+01 3.686863549361609205e-01
1.509999999999999964e+01 3.685483024348797931e-01
1.519999999999999929e+01 3.684118741826704069e-01
1.530000000000000071e+01 3.682770275475162891e-01
1.540000000000000036e+01 3.681437201106129153e-01
1.550000000000000000e+01 3.680119556262940739e-01
1.559999999999999964e+01 3.678816933187172844e-01
1.569999999999999929e+01 3.677528924556269785e-01
1.580000000000000071e+01 3.676255586715097001e-01
1.590000000000000036e+01 3.674996376714175228e-01
1.600000000000000000e+01 3.673751355985006017e-01
1.610000000000000142e+01 3.672520146298781096e-01
1.619999999999999929e+01 3.671302367313458159e-01
1.630000000000000071e+01 3.670098099858293272e-01
1.639999999999999858e+01 3.668906826731985760e-01
1.650000000000000000e+01 3.667728633996780174e-01
1.660000000000000142e+01 3.666563167465852757e-01
1.669999999999999929e+01 3.665410068292875856e-01
1.680000000000000071e+01 3.664269442688388723e-01
1.689999999999999858e+01 3.663140791907839033e-01
1.700000000000000000e+01 3.662024227703025159e-01
1.710000000000000142e+01 3.660919261495110821e-01
1.719999999999999929e+01 3.659826010984063016e-01
1.730000000000000071e+01 3.658743996787037767e-01
1.739999999999999858e+01 3.657673342720358933e-01
1.750000000000000000e+01 3.656613577659165726e-01
1.760000000000000142e+01 3.655564831721133112e-01
1.769999999999999929e+01 3.654526641128801878e-01
1.780000000000000071e+01 3.653499142504492148e-01
1.789999999999999858e+01 3.652481878530409731e-01
1.800000000000000000e+01 3.651474992556688060e-01
1.810000000000000142e+01 3.650478032855878907e-01
1.819999999999999929e+01 3.649491149750664909e-01
1.830000000000000071e+01 3.648513896248665733e-01
1.839999999999999858e+01 3.647546429913253174e-01
1.850000000000000000e+01 3.646588307641580040e-01
1.860000000000000142e+01 3.645639694531228048e-01
1.869999999999999929e+01 3.644700150528800142e-01
1.880000000000000071e+01 3.643769697478033143e-01
1.889999999999999858e+01 3.642848350577834182e-01
1.900000000000000000e+01 3.641935685639152154e-01
1.910000000000000142e+01 3.641031874777022059e-01
1.919999999999999929e+01 3.640136495324449162e-01
1.930000000000000071e+01 3.639249727874209750e-01
1.939999999999999858e+01 3.638371150181176072e-01
1.950000000000000000e+01 3.637500800032925086e-01
1.960000000000000142e+01 3.636638709535416902e-01
1.969999999999999929e+01 3.635784468922386159e-01
1.980000000000000071e+01 3.634938267937186107e-01
1.989999999999999858e+01 3.634099695787408879e-01
2.000000000000000000e+01 3.633268799953301986e-01
2.010000000000000142e+01 3.632445622934785123e-01
2.019999999999999929e+01 3.631629764173995856e-01
2.030000000000000071e+01 3.630821274306906821e-01
2.039999999999999858e+01 3.630020199446660767e-01
2.050000000000000000e+01 3.629226148290983223e-01
2.060000000000000142e+01 3.628439323056804056e-01
2.069999999999999929e+01 3.627659328843915731e-01
2.080000000000000071e+01 3.626886226494989152e-01
2.089999999999999858e+01 3.626120072998436084e-01
2.100000000000000000e+01 3.625360480354881121e-01
2.110000000000000142e+01 3.624607512863797787e-01
2.119999999999999929e+01 3.623861231400339888e-01
2.130000000000000071e+01 3.623121254005350900e-01
2.139999999999999858e+01 3.622387648573680008e-01
2.150000000000000000e+01 3.621660479996786086e-01
2.160000000000000142e+01 3.620939371230179060e-01
2.169999999999999929e+01 3.620224393917669259e-01
2.180000000000000071e+01 3.619515617115967032e-01
2.189999999999999858e+01 3.618812667594829002e-01
2.200000000000000000e+01 3.618115620917995989e-01
2.210000000000000142e+01 3.617424550477498779e-01
2.219999999999999929e+01 3.616739085773176821e-01
2.230000000000000071e+01 3.616059306478944246e-01
2.239999999999999858e+01 3.615385290515329975e-01
2.250000000000000000e+01 3.614716669035553109e-01
2.260000000000000142e+01 3.614053526035316821e-01
2.269999999999999929e+01 3.613395795053723214e-01
2.280000000000000071e+01 3.612743554875060825e-01
2.289999999999999858e+01 3.612096447654701836e-01
2.300000000000000000e+01 3.611454558247679802e-01
2.310000000000000142e+01 3.610817970698564916e-01
2.319999999999999929e+01 3.610186326560441139e-01
2.330000000000000071e+01 3.609559715463137031e-01
2.339999999999999858e+01 3.608938078046943776e-01
2.350000000000000000e+01 3.608321499694697732e-01
2.360000000000000142e+01 3.607709630253719824e-01
2.369999999999999929e+01 3.607102560740776953e-01
2.380000000000000071e+01 3.606500382306481178e-01
2.389999999999999858e+01 3.605902741979548076e-01
2.400000000000000000e+01 3.605309736087751737e-01
2.410000000000000142e+01 3.604721311466074773e-01
2.419999999999999929e+01 3.604137561133842760e-01
2.430000000000000071e+01 3.603558137844908860e-01
2.439999999999999858e+01 3.602983139897236176e-01
2.450000000000000000e+01 3.602412517302104877e-01
2.460000000000000142e+01 3.601846365596820254e-01
2.469999999999999929e+01 3.601284341878299156e-01
2.480000000000000071e+01 3.600726546753427737e-01
2.489999999999999858e+01 3.600172933180856849e-01
2.500000000000000000e+01 3.599623599546645791e-01
2.510000000000000142e+01 3.599078205941548814e-01
2.519999999999999929e+01 3.598536855633607257e-01
2.530000000000000071e+01 3.597999504319840947e-01
2.539999999999999858e+01 3.597466253585870910e-01
2.550000000000000000e+01 3.596936765185537732e-01
2.560000000000000142e+01 3.596411145418256794e-01
2.569999999999999929e+01 3.595889352528480187e-01
2.580000000000000071e+01 3.595371345003828267e-01
2.589999999999999858e+01 3.594857224594606993e-01
2.600000000000000000e+01 3.594346662079712096e-01
2.610000000000000142e+01 3.593839763677111887e-01
2.619999999999999929e+01 3.593336490550551043e-01
2.630000000000000071e+01 3.592836948413534737e-01
2.639999999999999858e+01 3.592340806951662135e-01
2.650000000000000000e+01 3.591848176215591826e-01
2.660000000000000142e+01 3.591359019543234887e-01
2.669999999999999929e+01 3.590873300421076886e-01
2.680000000000000071e+01 3.590391125593880850e-01
2.689999999999999858e+01 3.589912170639871780e-01
2.700000000000000000e+01 3.589436546440841758e-01
2.710000000000000142e+01 3.588964218829698849e-01
2.719999999999999929e+01 3.588495153747042754e-01
2.730000000000000071e+01 3.588029459451415049e-01
2.739999999999999858e+01 3.587566815779464902e-01
2.750000000000000000e+01 3.587107334948154147e-01
2.760000000000000142e+01 3.586650985082368015e-01
2.769999999999999929e+01 3.586197734374593771e-01
2.780000000000000071e+01 3.585747693088908727e-01
2.789999999999999858e+01 3.585300543731593237e-01
2.800000000000000000e+01 3.584856400366441265e-01
2.810000000000000142e+01 3.584415233227444819e-01
2.819999999999999929e+01 3.583977012576365917e-01
2.830000000000000071e+01 3.583541851192376115e-01
2.839999999999999858e+01 3.583109432685189777e-01
2.850000000000000000e+01 3.582679873492655154e-01
2.860000000000000142e+01 3.582253145792991811e-01
2.869999999999999929e+01 3.581829221752066972e-01
2.880000000000000071e+01 3.581408217199503752e-01
2.889999999999999858e+01 3.580989815282404898e-01
2.900000000000000000e+01 3.580574135363583932e-01
2.910000000000000142e+01 3.580161151416771936e-01
2.919999999999999929e+01 3.579750837362306037e-01
2.930000000000000071e+01 3.579343167454084873e-01
2.939999999999999858e+01 3.578938257980743831e-01
2.950000000000000000e+01 3.578535797409166941e-01
2.960000000000000142e+01 3.578135905388947768e-01
2.969999999999999929e+01 3.577738557850804746e-01
2.980000000000000071e+01 3.577343730642653097e-01
2.989999999999999858e+01 3.576951399915465069e-01
3.000000000000000000e+01 3.576561683069597875e-01
3.010000000000000142e+01 3.576174272008141863e-01
3.019999999999999929e+01 3.575789287340250255e-01
3.030000000000000071e+01 3.575406706780268062e-01
3.039999999999999858e+01 3.575026507929230934e-01
3.050000000000000000e+01 3.574648668663978901e-01
3.060000000000000142e+01 3.574273308158548157e-01
3.069999999999999929e+01 3.573900119912106210e-01
3.080000000000000071e+01 3.573529226172770246e-01
3.089999999999999858e+01 3.573160606284256913e-01
3.100000000000000000e+01 3.572794239444826991e-01
3.110000000000000142e+01 3.572430105104151821e-01
3.119999999999999929e+01 3.572068324893450941e-01
3.130000000000000071e+01 3.571708592079089195e-01
3.139999999999999858e+01 3.571351031246632890e-01
3.150000000000000000e+01 3.570995623231841276e-01
3.160000000000000142e+01 3.570642348690630241e-01
3.169999999999999929e+01 3.570291188508420976e-01
3.180000000000000071e+01 3.569942123797886779e-01
3.189999999999999858e+01 3.569595276406273832e-01
3.200000000000000000e+01 3.569250344156943977e-01
3.210000000000000142e+01 3.568907451700789046e-01
3.220000000000000284e+01 3.568566581439889807e-01
3.229999999999999716e+01 3.568227715573583092e-01
3.239999999999999858e+01 3.567890836508011976e-01
3.250000000000000000e+01 3.567555926854275028e-01
3.260000000000000142e+01 3.567223109491206023e-01
3.270000000000000284e+01 3.566892084668907836e-01
3.279999999999999716e+01 3.566562977936751921e-01
3.289999999999999858e+01 3.566235773115393748e-01
3.300000000000000000e+01 3.565910453796972135e-01
3.310000000000000142e+01 3.565587003760329887e-01
3.320000000000000284e+01 3.565265406969539974e-01
3.329999999999999716e+01 3.564945788163321194e-01
3.339999999999999858e+01 3.564627847920397996e-01
3.350000000000000000e+01 3.564311713531668757e-01
3.360000000000000142e+01 3.563997370106484208e-01
3.370000000000000284e+01 3.563684802496437931e-01
3.379999999999999716e+01 3.563373995721976772e-01
3.389999999999999858e+01 3.563064934971280073e-01
3.400000000000000000e+01 3.562757605597940969e-01
3.410000000000000142e+01 3.562452132277446060e-01
3.420000000000000284e+01 3.562148219903100155e-01
3.429999999999999716e+01 3.561845995563530098e-01
3.439999999999999858e+01 3.561545445681973954e-01
3.450000000000000000e+01 3.561246556405384123e-01
3.460000000000000142e+01 3.560949314031616741e-01
3.470000000000000284e+01 3.560653705008637870e-01
3.479999999999999716e+01 3.560359715932481794e-01
3.489999999999999858e+01 3.560067472384362275e-01
3.500000000000000000e+01 3.559776681185529146e-01
3.510000000000000142e+01 3.559487470207119975e-01
3.520000000000000284e+01 3.559199827055352094e-01
3.529999999999999716e+01 3.558913739037227186e-01
3.539999999999999858e+01 3.558629193594892159e-01
3.550000000000000000e+01 3.558346178305150098e-01
3.560000000000000142e+01 3.558064680877665031e-01
3.570000000000000284e+01 3.557784689153192237e-01
3.579999999999999716e+01 3.557506327970698101e-01
3.589999999999999858e+01 3.557229309406643725e-01
3.600000000000000000e+01 3.556953760453233082e-01
3.610000000000000142e+01 3.556679669893795248e-01
3.620000000000000284e+01 3.556407026199273069e-01
3.629999999999999716e+01 3.556135817960334733e-01
3.639999999999999858e+01 3.555866033887132849e-01
3.650000000000000000e+01 3.555597662807749026e-01
3.660000000000000142e+01 3.555330832489937976e-01
3.670000000000000284e+01 3.555065252112198926e-01
3.679999999999999716e+01 3.554801051497555875e-01
3.689999999999999858e+01 3.554538220387569170e-01
3.700000000000000000e+01 3.554276748177904732e-01
3.710000000000000142e+01 3.554016624371866828e-01
3.720000000000000284e+01 3.553757838580450801e-01
3.729999999999999716e+01 3.553500380520975832e-01
3.739999999999999858e+01 3.553244240015721034e-01
3.750000000000000000e+01 3.552989406990603172e-01
3.760000000000000142e+01 3.552736008126219924e-01
3.770000000000000284e+01 3.552483758117203072e-01
3.779999999999999716e+01 3.552232785567392970e-01
3.789999999999999858e+01 3.551983081257980013e-01
3.800000000000000000e+01 3.551734635614282043e-01
3.810000000000000142e+01 3.551487439156209014e-01
3.820000000000000284e+01 3.551241482498522228e-01
3.829999999999999716e+01 3.550996756349654726e-01
3.839999999999999858e+01 3.550753251510549990e-01
3.850000000000000000e+01 3.550510958873515088e-01
3.860000000000000142e+01 3.550270005294690057e-01
3.870000000000000284e+01 3.550030108054326727e-01
3.879999999999999716e+01 3.549791395814090866e-01
3.889999999999999858e+01 3.549553860279974771e-01
3.900000000000000000e+01 3.549317492785155070e-01
3.910000000000000142e+01 3.549082284746135074e-01
3.920000000000000284e+01 3.548848227663222166e-01
3.929999999999999716e+01 3.548615313119509174e-01
3.939999999999999858e+01 3.548383532779871841e-01
3.950000000000000000e+01 3.548152878389979059e-01
3.960000000000000142e+01 3.547923478245473272e-01
3.970000000000000284e+01 3.547695049335904960e-01
3.979999999999999716e+01 3.547467721655195860e-01
3.989999999999999858e+01 3.547241487736872978e-01
4.000000000000000000e+01 3.547016339717052880e-01
4.010000000000000142e+01 3.546792269805407183e-01
4.020000000000000284e+01 3.546569270285866993e-01
4.029999999999999716e+01 3.546347333515746936e-01
4.039999999999999858e+01 3.546126451924875855e-01
4.050000000000000000e+01 3.545906618014735834e-01
4.060000000000000142e+01 3.545687824357623974e-01
4.070000000000000284e+01 3.545470199657723143e-01
4.079999999999999716e+01 3.545253462610228889e-01
4.089999999999999858e+01 3.545037743504717009e-01
4.100000000000000000e+01 3.544823035671907929e-01
4.110000000000000142e+01 3.544609332026857906e-01
4.120000000000000284e+01 3.544396625548948965e-01
4.129999999999999716e+01 3.544184909282787066e-01
4.139999999999999858e+01 3.543974176337457149e-01
4.150000000000000000e+01 3.543764419885769845e-01
4.160000000000000142e+01 3.543555633163537055e-01
4.170000000000000284e+01 3.543347809468841980e-01
4.179999999999999716e+01 3.543140942161323026e-01
4.189999999999999858e+01 3.542935159525866795e-01
4.200000000000000000e+01 3.542730183512290965e-01
4.210000000000000142e+01 3.542526143875707745e-01
4.220000000000000284e+01 3.542323034702765105e-01
4.229999999999999716e+01 3.542120849651594905e-01
4.239999999999999858e+01 3.541919582436097724e-01
4.250000000000000000e+01 3.541719226826999800e-01
4.260000000000000142e+01 3.541519776651220197e-01
4.270000000000000284e+01 3.541321225791241867e-01
4.279999999999999716e+01 3.541123568184487147e-01
4.289999999999999858e+01 3.540926797822698813e-01
4.300000000000000000e+01 3.540730908751340000e-01
4.310000000000000142e+01 3.540535895068994132e-01
4.320000000000000284e+01 3.540341884030380748e-01
4.329999999999999716e+01 3.540148601924352212e-01
4.339999999999999858e+01 3.539956177360958911e-01
4.350000000000000000e+01 3.539764605134024245e-01
4.360000000000000142e+01 3.539573879600194095e-01
4.370000000000000284e+01 3.539383995164065988e-01
4.379999999999999716e+01 3.539194946279384801e-01
4.389999999999999858e+01 3.539006727448518741e-01
4.400000000000000000e+01 3.538819333221913110e-01
4.410000000000000142e+01 3.538632758197579053e-01
4.420000000000000284e+01 3.538446997020575080e-01
4.429999999999999716e+01 3.538262044382486926e-01
4.439999999999999858e+01 3.538077895020932950e-01
4.450000000000000000e+01 3.537894676845104169e-01
4.460000000000000142e+01 3.537712116801984275e-01
4.470000000000000284e+01 3.537530344048758768e-01
4.479999999999999716e+01 3.537349354004464819e-01
4.489999999999999858e+01 3.537169141630854829e-01
4.500000000000000000e+01 3.536989701930988161e-01
4.510000000000000142e+01 3.536811029950598928e-01
4.520000000000000284e+01 3.536633120777656902e-01
4.529999999999999716e+01 3.536455969541916766e-01
4.539999999999999858e+01 3.536279571414470135e-01
4.550000000000000000e+01 3.536103921607315903e-01
4.560000000000000142e+01 3.535929015372925033e-01
4.570000000000000284e+01 3.535754848003809792e-01
4.579999999999999716e+01 3.535581414832110747e-01
4.589999999999999858e+01 3.535408711229174883e-01
4.600000000000000000e+01 3.535236863414389918e-01
4.610000000000000142e+01 3.535065603686824987e-01
4.620000000000000284e+01 3.534895059402198836e-01
4.629999999999999716e+01 3.534725226584595204e-01
4.639999999999999858e+01 3.534556100796745204e-01
4.650000000000000000e+01 3.534387677636341984e-01
4.660000000000000142e+01 3.534219952737523984e-01
4.670000000000000284e+01 3.534052921770494127e-01
4.679999999999999716e+01 3.533886580441156777e-01
4.689999999999999858e+01 3.533720924490753035e-01
4.700000000000000000e+01 3.533555949695491027e-01
4.710000000000000142e+01 3.533391651866188976e-01
4.720000000000000284e+01 3.533228026847928804e-01
4.729999999999999716e+01 3.533065070519698092e-01
4.739999999999999858e+01 3.532902778794048126e-01
4.750000000000000000e+01 3.532741278155137055e-01
4.760000000000000142e+01 3.532580302054452726e-01
4.770000000000000284e+01 3.532419978006050010e-01
4.779999999999999716e+01 3.532260302566178067e-01
4.789999999999999858e+01 3.532101271811726728e-01
4.800000000000000000e+01 3.531942881849206017e-01
4.810000000000000142e+01 3.531785128816388730e-01
4.820000000000000284e+01 3.531628008882004011e-01
4.829999999999999716e+01 3.531471518245427044e-01
4.839999999999999858e+01 3.531315653136375965e-01
4.850000000000000000e+01 3.531160409814608214e-01
4.860000000000000142e+01 3.531005784569622996e-01
4.870000000000000284e+01 3.530851773720365960e-01
4.879999999999999716e+01 3.530698373614937768e-01
4.889999999999999858e+01 3.530545580630307101e-01
4.900000000000000000e+01 3.530393391172024220e-01
4.910000000000000142e+01 3.530241932076358946e-01
4.920000000000000284e+01 3.530090937630345760e-01
4.929999999999999716e+01 3.529940535593286133e-01
4.939999999999999858e+01 3.529790723009879061e-01
4.950000000000000000e+01 3.529641496426144109e-01
4.960000000000000142e+01 3.529492852412967063e-01
4.970000000000000284e+01 3.529344787567906816e-01
4.979999999999999716e+01 3.529197298514957226e-01
4.989999999999999858e+01 3.529050381904281775e-01
5.000000000000000000e+01 3.528904034411965984e-01
5.010000000000000142e+01 3.528758252739763734e-01
5.020000000000000284e+01 3.528613033614850791e-01
5.029999999999999716e+01 3.528468373789586110e-01
5.039999999999999858e+01 3.528324270041259259e-01
5.050000000000000000e+01 3.528180719171862267e-01
5.060000000000000142e+01 3.528037718007847046e-01
5.070000000000000284e+01 3.527895263399893899e-01
5.079999999999999716e+01 3.527753352222683936e-01
5.089999999999999858e+01 3.527612110160704972e-01
5.100000000000000000e+01 3.527471275284502217e-01
5.110000000000000142e+01 3.527330974095418958e-01
5.120000000000000284e+01 3.527191204093944044e-01
5.129999999999999716e+01 3.527051962273188845e-01
5.139999999999999858e+01 3.526913245646792761e-01
5.150000000000000000e+01 3.526775051250845006e-01
5.160000000000000142e+01 3.526637376143680891e-01
5.170000000000000284e+01 3.526500217405679760e-01
5.179999999999999716e+01 3.526363572139052938e-01
5.189999999999999858e+01 3.526227437467647219e-01
5.200000000000000000e+01 3.526091810536735038e-01
5.210000000000000142e+01 3.525956688512821846e-01
5.220000000000000284e+01 3.525822068583446822e-01
5.229999999999999716e+01 3.525687947956988033e-01
5.239999999999999858e+01 3.525554323862469253e-01
5.250000000000000000e+01 3.525421193549371224e-01
5.260000000000000142e+01 3.525288554287442921e-01
5.270000000000000284e+01 3.525156403366513924e-01
5.279999999999999716e+01 3.525024865961938758e-01
5.289999999999999858e+01 3.524893682478407175e-01
5.300000000000000000e+01 3.524762978802110092e-01
5.310000000000000142e+01 3.524632752844001904e-01
5.320000000000000284e+01 3.524503001993556928e-01
5.329999999999999716e+01 3.524373723657001078e-01
5.339999999999999858e+01 3.524244915259389099e-01
5.350000000000000000e+01 3.524116574244444133e-01
5.360000000000000142e+01 3.523988698074386750e-01
5.370000000000000284e+01 3.523861284229767854e-01
5.379999999999999716e+01 3.523734330209308818e-01
5.389999999999999858e+01 3.523607833529726063e-01
5.400000000000000000e+01 3.523481791725583956e-01
5.410000000000000142e+01 3.523356202349124944e-01
5.420000000000000284e+01 3.523231062970118010e-01
5.429999999999999716e+01 3.523106371175693807e-01
5.439999999999999858e+01 3.522982124570198104e-01
5.450000000000000000e+01 3.522858320775035801e-01
5.460000000000000142e+01 3.522734957428517166e-01
5.470000000000000284e+01 3.522612032185710174e-01
5.479999999999999716e+01 3.522489542718293953e-01
5.489999999999999858e+01 3.522367612892381983e-01
5.500000000000000000e+01 3.522245986952665109e-01
6.000000000000000000e+01 3.516668165385216094e-01
6.500000000000000000e+01 3.511927760850228064e-01
7.000000000000000000e+01 3.507849424558450724e-01
7.500000000000000000e+01 3.504303461732921066e-01
8.000000000000000000e+01 3.501192138389898068e-01
8.500000000000000000e+01 3.498440189553311819e-01
9.000000000000000000e+01 3.495988654894072734e-01
9.500000000000000000e+01 3.493790995397998977e-01
1.000000000000000000e+02 3.491809722117217851e-01
1.050000000000000000e+02 3.490014380974715835e-01
1.100000000000000000e+02 3.488379976504860092e-01
1.150000000000000000e+02 3.486885801420054887e-01
1.200000000000000000e+02 3.485514555137623760e-01
1.250000000000000000e+02 3.484251671430194097e-01
1.300000000000000000e+02 3.483084799773703000e-01
1.350000000000000000e+02 3.482003304783822806e-01
1.400000000000000000e+02 3.480998294716436958e-01
1.450000000000000000e+02 3.480061804187608021e-01
1.500000000000000000e+02 3.479187173595443272e-01
1.550000000000000000e+02 3.478368362641163780e-01
1.600000000000000000e+02 3.477600295645569273e-01
1.650000000000000000e+02 3.476878297460533895e-01
1.700000000000000000e+02 3.476198401475539823e-01
1.750000000000000000e+02 3.475557049968505119e-01
1.800000000000000000e+02 3.474950998061390739e-01
1.850000000000000000e+02 3.474377472448654247e-01
1.900000000000000000e+02 3.473833853668176763e-01
1.950000000000000000e+02 3.473317904320096794e-01
2.000000000000000000e+02 3.472827580075795728e-01
