1.000000000000000021e-03 2.535807887115000222e-04
2.000000000000000042e-03 4.875673536356999902e-04
3.000000000000000062e-03 7.367215835204000453e-04
4.000000000000000083e-03 9.842563175000000088e-04
5.000000000000000104e-03 1.231882742015300014e-03
6.000000000000000125e-03 1.479634801442399929e-03
7.000000000000000146e-03 1.727513158655200054e-03
8.000000000000000167e-03 1.975517815129999941e-03
8.999999999999999320e-03 2.223648758983300198e-03
1.000000000000000021e-02 2.471905977861199935e-03
1.099999999999999936e-02 2.720289459195599814e-03
1.200000000000000025e-02 2.968799190209100037e-03
1.299999999999999940e-02 3.217435157914699806e-03
1.400000000000000029e-02 3.466197349115599999e-03
1.499999999999999944e-02 3.715085750404700099e-03
1.600000000000000033e-02 3.964100348164499750e-03
1.700000000000000122e-02 4.213241128566700203e-03
1.799999999999999864e-02 4.462508077571599764e-03
1.899999999999999953e-02 4.711901180928199616e-03
2.000000000000000042e-02 4.961420424173799623e-03
2.100000000000000130e-02 5.211065792633399855e-03
2.199999999999999872e-02 5.460837271419699719e-03
2.299999999999999961e-02 5.710734845432500345e-03
2.400000000000000050e-02 5.960758499358599638e-03
2.500000000000000139e-02 6.210908217671499976e-03
2.599999999999999881e-02 6.461183984630999681e-03
2.699999999999999969e-02 6.711585784282599748e-03
2.800000000000000058e-02 6.962113600457900224e-03
2.900000000000000147e-02 7.212767416773500397e-03
2.999999999999999889e-02 7.463547216631100274e-03
3.099999999999999978e-02 7.714452983217300226e-03
3.200000000000000067e-02 7.965484699502799540e-03
3.300000000000000155e-02 8.216642348242699997e-03
3.400000000000000244e-02 8.467925911975600350e-03
3.500000000000000333e-02 8.719335373023799282e-03
3.599999999999999728e-02 8.970870713492500037e-03
3.699999999999999817e-02 9.222531915269999506e-03
3.799999999999999906e-02 9.474318960026800046e-03
3.899999999999999994e-02 9.726231829215999797e-03
4.000000000000000083e-02 9.978270504072199801e-03
4.100000000000000172e-02 1.023043496561180064e-02
4.200000000000000261e-02 1.048272519463249938e-02
4.299999999999999656e-02 1.073514117171299985e-02
4.399999999999999745e-02 1.098768287721229968e-02
4.499999999999999833e-02 1.124035029127020031e-02
4.599999999999999922e-02 1.149314339380629914e-02
4.700000000000000011e-02 1.174606216451999988e-02
4.800000000000000100e-02 1.199910658288990024e-02
4.900000000000000189e-02 1.225227662817419960e-02
5.000000000000000278e-02 1.250557227940930077e-02
5.099999999999999672e-02 1.275899351541059934e-02
5.199999999999999761e-02 1.301254031477139944e-02
5.299999999999999850e-02 1.326621265586289990e-02
5.399999999999999939e-02 1.352001051683419941e-02
5.500000000000000028e-02 1.377393387561109961e-02
5.600000000000000117e-02 1.402798270989700016e-02
5.700000000000000205e-02 1.428215699717139998e-02
5.800000000000000294e-02 1.453645671469059979e-02
5.899999999999999689e-02 1.479088183948669942e-02
5.999999999999999778e-02 1.504543234836759960e-02
6.099999999999999867e-02 1.530010821791680069e-02
6.199999999999999956e-02 1.555490942449280073e-02
6.300000000000000044e-02 1.580983594422899832e-02
6.400000000000000133e-02 1.606488775303329883e-02
6.500000000000000222e-02 1.632006482658800162e-02
6.600000000000000311e-02 1.657536714034910097e-02
6.700000000000000400e-02 1.683079466954650119e-02
6.800000000000000488e-02 1.708634738918339904e-02
6.900000000000000577e-02 1.734202527403589864e-02
7.000000000000000666e-02 1.759782829865300102e-02
7.099999999999999367e-02 1.785375643735619827e-02
7.199999999999999456e-02 1.810980966423900163e-02
7.299999999999999545e-02 1.836598795316689986e-02
7.399999999999999634e-02 1.862229127777699847e-02
7.499999999999999722e-02 1.887871961147749925e-02
7.599999999999999811e-02 1.913527292744780089e-02
7.699999999999999900e-02 1.939195119863780167e-02
7.799999999999999989e-02 1.964875439776789939e-02
7.900000000000000078e-02 1.990568249732859937e-02
8.000000000000000167e-02 2.016273546958019872e-02
8.100000000000000255e-02 2.041991328655259896e-02
8.200000000000000344e-02 2.067721592004469894e-02
8.300000000000000433e-02 2.093464334162459944e-02
8.400000000000000522e-02 2.119219552262889897e-02
8.500000000000000611e-02 2.144987243416249939e-02
8.599999999999999312e-02 2.170767404709849843e-02
8.699999999999999400e-02 2.196560033207790169e-02
8.799999999999999489e-02 2.222365125950880038e-02
8.899999999999999578e-02 2.248182679956689869e-02
8.999999999999999667e-02 2.274012692219460133e-02
9.099999999999999756e-02 2.299855159710110022e-02
9.199999999999999845e-02 2.325710079376160089e-02
9.299999999999999933e-02 2.351577448141789831e-02
9.400000000000000022e-02 2.377457262907699959e-02
9.500000000000000111e-02 2.403349520551200172e-02
9.600000000000000200e-02 2.429254217926059972e-02
9.700000000000000289e-02 2.455171351862589849e-02
9.800000000000000377e-02 2.481100919167539970e-02
9.900000000000000466e-02 2.507042916624109899e-02
1.000000000000000056e-01 2.532997340991910082e-02
1.010000000000000064e-01 2.558964189006900092e-02
1.019999999999999934e-01 2.584943457381439977e-02
1.029999999999999943e-01 2.610935142804179931e-02
1.039999999999999952e-01 2.636939241940080073e-02
1.049999999999999961e-01 2.662955751430369847e-02
1.059999999999999970e-01 2.688984667892519928e-02
1.069999999999999979e-01 2.715025987920209952e-02
1.079999999999999988e-01 2.741079708083310126e-02
1.089999999999999997e-01 2.767145824927860071e-02
1.100000000000000006e-01 2.793224334976009832e-02
1.110000000000000014e-01 2.819315234726029948e-02
1.120000000000000023e-01 2.845418520652270161e-02
1.130000000000000032e-01 2.871534189205100090e-02
1.140000000000000041e-01 2.897662236810950170e-02
1.150000000000000050e-01 2.923802659872230120e-02
1.160000000000000059e-01 2.949955454767319921e-02
1.170000000000000068e-01 2.976120617850539982e-02
1.179999999999999938e-01 3.002298145452109851e-02
1.189999999999999947e-01 3.028488033878170074e-02
1.199999999999999956e-01 3.054690279410699968e-02
1.209999999999999964e-01 3.080904878307509989e-02
1.219999999999999973e-01 3.107131826802239996e-02
1.229999999999999982e-01 3.133371121104289864e-02
1.239999999999999991e-01 3.159622757398809767e-02
1.250000000000000000e-01 3.185886731846709896e-02
1.260000000000000009e-01 3.212163040584570251e-02
1.270000000000000018e-01 3.238451679724670129e-02
1.280000000000000027e-01 3.264752645354909721e-02
1.290000000000000036e-01 3.291065933538839944e-02
1.300000000000000044e-01 3.317391540315599990e-02
1.310000000000000053e-01 3.343729461699899985e-02
1.320000000000000062e-01 3.370079693682000166e-02
1.330000000000000071e-01 3.396442232227660230e-02
1.340000000000000080e-01 3.422817073278160149e-02
1.350000000000000089e-01 3.449204212750239806e-02
1.360000000000000098e-01 3.475603646536069846e-02
1.370000000000000107e-01 3.502015370503250291e-02
1.380000000000000115e-01 3.528439380494770294e-02
1.390000000000000124e-01 3.554875672328990099e-02
1.400000000000000133e-01 3.581324241799600100e-02
1.409999999999999865e-01 3.607785084675600024e-02
1.419999999999999873e-01 3.634258196701319749e-02
1.429999999999999882e-01 3.660743573596299955e-02
1.439999999999999891e-01 3.687241211055369838e-02
1.449999999999999900e-01 3.713751104748540255e-02
1.459999999999999909e-01 3.740273250321019677e-02
1.469999999999999918e-01 3.766807643393200317e-02
1.479999999999999927e-01 3.793354279560599840e-02
1.489999999999999936e-01 3.819913154393850263e-02
1.499999999999999944e-01 3.846484263438690321e-02
1.509999999999999953e-01 3.873067602215909955e-02
1.519999999999999962e-01 3.899663166221350313e-02
1.529999999999999971e-01 3.926270950925869752e-02
1.539999999999999980e-01 3.952890951775329953e-02
1.549999999999999989e-01 3.979523164190539725e-02
1.559999999999999998e-01 4.006167583567289692e-02
1.570000000000000007e-01 4.032824205276269725e-02
1.580000000000000016e-01 4.059493024663050204e-02
1.590000000000000024e-01 4.086174037048120183e-02
1.600000000000000033e-01 4.112867237726799963e-02
1.610000000000000042e-01 4.139572621969209859e-02
1.620000000000000051e-01 4.166290185020320169e-02
1.630000000000000060e-01 4.193019922099860269e-02
1.640000000000000069e-01 4.219761828402299880e-02
1.650000000000000078e-01 4.246515899096869884e-02
1.660000000000000087e-01 4.273282129327499873e-02
1.670000000000000095e-01 4.300060514212809826e-02
1.680000000000000104e-01 4.326851048846069858e-02
1.690000000000000113e-01 4.353653728295209940e-02
1.700000000000000122e-01 4.380468547602780344e-02
1.710000000000000131e-01 4.407295501785900294e-02
1.719999999999999862e-01 4.434134585836289888e-02
1.729999999999999871e-01 4.460985794720200015e-02
1.739999999999999880e-01 4.487849123378419985e-02
1.749999999999999889e-01 4.514724566726249777e-02
1.759999999999999898e-01 4.541612119653450075e-02
1.769999999999999907e-01 4.568511777024270026e-02
1.779999999999999916e-01 4.595423533677370220e-02
1.789999999999999925e-01 4.622347384425849748e-02
1.799999999999999933e-01 4.649283324057180283e-02
1.809999999999999942e-01 4.676231347333219962e-02
1.819999999999999951e-01 4.703191448990189788e-02
1.829999999999999960e-01 4.730163623738600082e-02
1.839999999999999969e-01 4.757147866263310154e-02
1.849999999999999978e-01 4.784144171223449898e-02
1.859999999999999987e-01 4.811152533252389951e-02
1.869999999999999996e-01 4.838172946957779857e-02
1.880000000000000004e-01 4.865205406921459946e-02
1.890000000000000013e-01 4.892249907699500189e-02
1.900000000000000022e-01 4.919306443822119707e-02
1.910000000000000031e-01 4.946375009793709671e-02
1.920000000000000040e-01 4.973455600092809709e-02
1.930000000000000049e-01 5.000548209172050312e-02
1.940000000000000058e-01 5.027652831458179900e-02
1.950000000000000067e-01 5.054769461352019710e-02
1.960000000000000075e-01 5.081898093228409685e-02
1.970000000000000084e-01 5.109038721436279934e-02
1.980000000000000093e-01 5.136191340298520286e-02
1.990000000000000102e-01 5.163355944112060086e-02
2.000000000000000111e-01 5.190532527147780073e-02
2.010000000000000120e-01 5.217721083650490171e-02
2.020000000000000129e-01 5.244921607838980149e-02
2.030000000000000138e-01 5.272134093905930102e-02
2.039999999999999869e-01 5.299358536017890337e-02
2.049999999999999878e-01 5.326594928315329935e-02
2.059999999999999887e-01 5.353843264912540312e-02
2.069999999999999896e-01 5.381103539897649779e-02
2.079999999999999905e-01 5.408375747332620082e-02
2.089999999999999913e-01 5.435659881253179782e-02
2.099999999999999922e-01 5.462955935668870056e-02
2.109999999999999931e-01 5.490263904562960040e-02
2.119999999999999940e-01 5.517583781892469730e-02
2.129999999999999949e-01 5.544915561588140140e-02
2.139999999999999958e-01 5.572259237554400002e-02
2.149999999999999967e-01 5.599614803669369922e-02
2.159999999999999976e-01 5.626982253784840182e-02
2.169999999999999984e-01 5.654361581726229796e-02
2.179999999999999993e-01 5.681752781292610105e-02
2.190000000000000002e-01 5.709155846256640243e-02
2.200000000000000011e-01 5.736570770364560201e-02
2.210000000000000020e-01 5.763997547336199845e-02
2.220000000000000029e-01 5.791436170864949773e-02
2.230000000000000038e-01 5.818886634617730091e-02
2.240000000000000047e-01 5.846348932234959883e-02
2.250000000000000056e-01 5.873823057330569697e-02
2.260000000000000064e-01 5.901309003492000160e-02
2.270000000000000073e-01 5.928806764280120101e-02
2.280000000000000082e-01 5.956316333229259852e-02
2.290000000000000091e-01 5.983837703847200151e-02
2.300000000000000100e-01 6.011370869615099977e-02
2.310000000000000109e-01 6.038915823987549975e-02
2.320000000000000118e-01 6.066472560392489888e-02
2.330000000000000127e-01 6.094041072231250189e-02
2.340000000000000135e-01 6.121621352878500039e-02
2.349999999999999867e-01 6.149213395682209815e-02
2.359999999999999876e-01 6.176817193963710095e-02
2.369999999999999885e-01 6.204432741017609776e-02
2.379999999999999893e-01 6.232060030111769705e-02
2.389999999999999902e-01 6.259699054487359582e-02
2.399999999999999911e-01 6.287349807358780240e-02
2.409999999999999920e-01 6.315012281913649772e-02
2.419999999999999929e-01 6.342686471312830587e-02
2.429999999999999938e-01 6.370372368690359333e-02
2.439999999999999947e-01 6.398069967153480198e-02
2.449999999999999956e-01 6.425779259782600505e-02
2.459999999999999964e-01 6.453500239631269897e-02
2.469999999999999973e-01 6.481232899726190044e-02
2.479999999999999982e-01 6.508977233067179957e-02
2.489999999999999991e-01 6.536733232627180146e-02
2.500000000000000000e-01 6.564500891352209599e-02
2.510000000000000009e-01 6.592280202161379665e-02
2.520000000000000018e-01 6.620071157946849638e-02
2.530000000000000027e-01 6.647873751573840639e-02
2.540000000000000036e-01 6.675687975880610636e-02
2.550000000000000044e-01 6.703513823678429462e-02
2.560000000000000053e-01 6.731351287751589918e-02
2.570000000000000062e-01 6.759200360857349488e-02
2.580000000000000071e-01 6.787061035725959479e-02
2.590000000000000080e-01 6.814933305060659474e-02
2.600000000000000089e-01 6.842817161537599613e-02
2.610000000000000098e-01 6.870712597805890554e-02
2.620000000000000107e-01 6.898619606487549349e-02
2.630000000000000115e-01 6.926538180177520265e-02
2.640000000000000124e-01 6.954468311443649797e-02
2.650000000000000133e-01 6.982409992826639489e-02
2.660000000000000142e-01 7.010363216840090339e-02
2.670000000000000151e-01 7.038327975970440353e-02
2.680000000000000160e-01 7.066304262676970094e-02
2.690000000000000169e-01 7.094292069391819333e-02
2.700000000000000178e-01 7.122291388519920441e-02
2.710000000000000187e-01 7.150302212439020588e-02
2.720000000000000195e-01 7.178324533499659543e-02
2.730000000000000204e-01 7.206358344025159957e-02
2.740000000000000213e-01 7.234403636311620422e-02
2.750000000000000222e-01 7.262460402627879397e-02
2.760000000000000231e-01 7.290528635215540176e-02
2.770000000000000240e-01 7.318608326288930654e-02
2.780000000000000249e-01 7.346699468035100544e-02
2.790000000000000258e-01 7.374802052613810277e-02
2.800000000000000266e-01 7.402916072157539329e-02
2.810000000000000275e-01 7.431041518771409893e-02
2.819999999999999729e-01 7.459178384533260431e-02
2.829999999999999738e-01 7.487326661493590163e-02
2.839999999999999747e-01 7.515486341675529924e-02
2.849999999999999756e-01 7.543657417074889349e-02
2.859999999999999765e-01 7.571839879660069439e-02
2.869999999999999774e-01 7.600033721372130568e-02
2.879999999999999782e-01 7.628238934124720316e-02
2.889999999999999791e-01 7.656455509804109549e-02
2.899999999999999800e-01 7.684683440269149401e-02
2.909999999999999809e-01 7.712922717351260171e-02
2.919999999999999818e-01 7.741173332854460465e-02
2.929999999999999827e-01 7.769435278555300584e-02
2.939999999999999836e-01 7.797924194692479327e-02
2.949999999999999845e-01 7.825998823090049572e-02
2.959999999999999853e-01 7.854505201820559390e-02
2.969999999999999862e-01 7.882601916301010259e-02
2.979999999999999871e-01 7.911131288814629570e-02
2.989999999999999880e-01 7.939250161311380005e-02
2.999999999999999889e-01 7.967802496200940277e-02
3.009999999999999898e-01 7.995943493744479824e-02
3.019999999999999907e-01 8.024518756588980284e-02
3.029999999999999916e-01 8.052897805152969823e-02
3.039999999999999925e-01 8.081284131295420059e-02
3.049999999999999933e-01 8.109681610985260136e-02
3.059999999999999942e-01 8.138090309850209980e-02
3.069999999999999951e-01 8.166510220699489675e-02
3.079999999999999960e-01 8.194941334923069864e-02
3.089999999999999969e-01 8.223383643856689573e-02
3.099999999999999978e-01 8.251837138808010286e-02
3.109999999999999987e-01 8.280301811057060035e-02
3.119999999999999996e-01 8.308777651856300017e-02
3.130000000000000004e-01 8.337264652430559364e-02
3.140000000000000013e-01 8.365762803977069839e-02
3.150000000000000022e-01 8.394272097665410326e-02
3.160000000000000031e-01 8.422792524637570666e-02
3.170000000000000040e-01 8.451324076007879493e-02
3.180000000000000049e-01 8.479866742863019502e-02
3.190000000000000058e-01 8.508420516262039934e-02
3.200000000000000067e-01 8.536985387236320499e-02
3.210000000000000075e-01 8.565561346789579700e-02
3.220000000000000084e-01 8.594148385897890097e-02
3.230000000000000093e-01 8.622746495509620024e-02
3.240000000000000102e-01 8.651355666545479384e-02
3.250000000000000111e-01 8.679975889898479402e-02
3.260000000000000120e-01 8.708607156433939567e-02
3.270000000000000129e-01 8.737249456989509833e-02
3.280000000000000138e-01 8.765902782375099844e-02
3.290000000000000147e-01 8.794567123372949713e-02
3.300000000000000155e-01 8.823242470737560628e-02
3.310000000000000164e-01 8.851928815195729550e-02
3.320000000000000173e-01 8.880626147446529783e-02
3.330000000000000182e-01 8.909334458161309589e-02
3.340000000000000191e-01 8.938053737983679692e-02
3.350000000000000200e-01 8.966783977529549365e-02
3.360000000000000209e-01 8.995525167387030674e-02
3.370000000000000218e-01 9.024277298116560597e-02
3.380000000000000226e-01 9.053040360250770580e-02
3.390000000000000235e-01 9.081814344294590613e-02
3.400000000000000244e-01 9.110599240725149317e-02
3.410000000000000253e-01 9.139395039991869696e-02
3.420000000000000262e-01 9.168201732516370606e-02
3.430000000000000271e-01 9.197019308692530593e-02
3.439999999999999725e-01 9.225847758886460137e-02
3.449999999999999734e-01 9.254687073436490552e-02
3.459999999999999742e-01 9.283537242653190635e-02
3.469999999999999751e-01 9.312398256819340303e-02
3.479999999999999760e-01 9.341270106189969447e-02
3.489999999999999769e-01 9.370152780992299646e-02
3.499999999999999778e-01 9.399046271425789967e-02
3.509999999999999787e-01 9.427950567662110593e-02
3.519999999999999796e-01 9.456865659845120620e-02
3.529999999999999805e-01 9.485791538090940223e-02
3.539999999999999813e-01 9.514728192487860448e-02
3.549999999999999822e-01 9.543675613096400112e-02
3.559999999999999831e-01 9.572633789949279437e-02
3.569999999999999840e-01 9.601602713051429761e-02
3.579999999999999849e-01 9.630582372379979661e-02
3.589999999999999858e-01 9.659572757884289651e-02
3.599999999999999867e-01 9.688573859485870299e-02
3.609999999999999876e-01 9.717585667078490475e-02
3.619999999999999885e-01 9.746608170528099635e-02
3.629999999999999893e-01 9.775641359672840314e-02
3.639999999999999902e-01 9.804685224323080039e-02
3.649999999999999911e-01 9.833739754261359989e-02
3.659999999999999920e-01 9.862804939242460212e-02
3.669999999999999929e-01 9.891880768993330242e-02
3.679999999999999938e-01 9.920967233213129344e-02
3.689999999999999947e-01 9.950064321573240389e-02
3.699999999999999956e-01 9.979172023717229612e-02
3.709999999999999964e-01 1.000829032926087991e-01
3.719999999999999973e-01 1.003741922779217005e-01
3.729999999999999982e-01 1.006655870887128990e-01
3.739999999999999991e-01 1.009570876203064044e-01
3.750000000000000000e-01 1.012486937677485044e-01
3.760000000000000009e-01 1.015404054258070982e-01
3.770000000000000018e-01 1.018322224889726957e-01
3.780000000000000027e-01 1.021241448514579042e-01
3.790000000000000036e-01 1.024161724071972063e-01
3.800000000000000044e-01 1.027083050498475009e-01
3.810000000000000053e-01 1.030005426727877982e-01
3.820000000000000062e-01 1.032928851691195943e-01
3.830000000000000071e-01 1.035853324316663021e-01
3.840000000000000080e-01 1.038778843529739038e-01
3.850000000000000089e-01 1.041705408253103954e-01
3.860000000000000098e-01 1.044633017406664949e-01
3.870000000000000107e-01 1.047561669907551007e-01
3.880000000000000115e-01 1.050491364670114031e-01
3.890000000000000124e-01 1.053422100605932998e-01
3.900000000000000133e-01 1.056353876623811056e-01
3.910000000000000142e-01 1.059286691629774957e-01
3.920000000000000151e-01 1.062220544527080063e-01
3.930000000000000160e-01 1.065155434216203956e-01
3.940000000000000169e-01 1.068091359594855044e-01
3.950000000000000178e-01 1.071028319557963959e-01
3.960000000000000187e-01 1.073966312997692990e-01
3.970000000000000195e-01 1.076905338803430950e-01
3.980000000000000204e-01 1.079845395861793039e-01
3.990000000000000213e-01 1.082786483056625004e-01
4.000000000000000222e-01 1.085728599269002032e-01
4.010000000000000231e-01 1.088671743377228052e-01
4.020000000000000240e-01 1.091615914256838932e-01
4.030000000000000249e-01 1.094561110780602059e-01
4.040000000000000258e-01 1.097507331818513010e-01
4.050000000000000266e-01 1.100454576237801935e-01
4.060000000000000275e-01 1.103402842902932030e-01
4.069999999999999729e-01 1.106352130675598983e-01
4.079999999999999738e-01 1.109302438414733055e-01
4.089999999999999747e-01 1.112253764976497972e-01
4.099999999999999756e-01 1.115206109214293972e-01
4.109999999999999765e-01 1.118159469978757953e-01
4.119999999999999774e-01 1.121113846117761936e-01
4.129999999999999782e-01 1.124069236476415989e-01
4.139999999999999791e-01 1.127025639897069054e-01
4.149999999999999800e-01 1.129983055219307003e-01
4.159999999999999809e-01 1.132941481279956947e-01
4.169999999999999818e-01 1.135900916913088060e-01
4.179999999999999827e-01 1.138861360950006035e-01
4.189999999999999836e-01 1.141822812219262934e-01
4.199999999999999845e-01 1.144785269546653023e-01
4.209999999999999853e-01 1.147748731755210971e-01
4.219999999999999862e-01 1.150713197665221010e-01
4.229999999999999871e-01 1.153678666094208050e-01
4.239999999999999880e-01 1.156645135856947948e-01
4.249999999999999889e-01 1.159612605765459048e-01
4.259999999999999898e-01 1.162581074629011058e-01
4.269999999999999907e-01 1.165550541254121025e-01
4.279999999999999916e-01 1.168521004444558059e-01
4.289999999999999925e-01 1.171492463001339995e-01
4.299999999999999933e-01 1.174464915722737979e-01
4.309999999999999942e-01 1.177438361404274936e-01
4.319999999999999951e-01 1.180412798838729044e-01
4.329999999999999960e-01 1.183388226816133038e-01
4.339999999999999969e-01 1.186364644123775042e-01
4.349999999999999978e-01 1.189342049546199959e-01
4.359999999999999987e-01 1.192320441865214048e-01
4.369999999999999996e-01 1.195299819859877988e-01
4.380000000000000004e-01 1.198280182306516034e-01
4.390000000000000013e-01 1.201261527978712967e-01
4.400000000000000022e-01 1.204243855647317007e-01
4.410000000000000031e-01 1.207227164080438009e-01
4.420000000000000040e-01 1.210211452043452041e-01
4.430000000000000049e-01 1.213196718299003052e-01
4.440000000000000058e-01 1.216182961606999957e-01
4.450000000000000067e-01 1.219170180724619967e-01
4.460000000000000075e-01 1.222158374406310949e-01
4.470000000000000084e-01 1.225147541403791979e-01
4.480000000000000093e-01 1.228137680466054038e-01
4.490000000000000102e-01 1.231128790339363066e-01
4.500000000000000111e-01 1.234120869767257045e-01
4.510000000000000120e-01 1.237113917490550996e-01
4.520000000000000129e-01 1.240107932247340033e-01
4.530000000000000138e-01 1.243102912772993951e-01
4.540000000000000147e-01 1.246098857800168047e-01
4.550000000000000155e-01 1.249095766058792994e-01
4.560000000000000164e-01 1.252093636276085942e-01
4.570000000000000173e-01 1.255092467176547044e-01
4.580000000000000182e-01 1.258092257481963905e-01
4.590000000000000191e-01 1.261093005911413101e-01
4.600000000000000200e-01 1.264094711181253938e-01
4.610000000000000209e-01 1.267097372005139000e-01
4.620000000000000218e-01 1.270100987094013867e-01
4.630000000000000226e-01 1.273105555156117119e-01
4.640000000000000235e-01 1.276111074896978947e-01
4.650000000000000244e-01 1.279117545019430036e-01
4.660000000000000253e-01 1.282124964223594066e-01
4.670000000000000262e-01 1.285133331206896878e-01
4.680000000000000271e-01 1.288142644664067027e-01
4.689999999999999725e-01 1.291152903287131060e-01
4.699999999999999734e-01 1.294164105765424067e-01
4.709999999999999742e-01 1.297176250785583018e-01
4.719999999999999751e-01 1.300189337031553982e-01
4.729999999999999760e-01 1.303203363184592956e-01
4.739999999999999769e-01 1.306218327923266975e-01
4.749999999999999778e-01 1.309234229923453008e-01
4.759999999999999787e-01 1.312251067858342946e-01
4.769999999999999796e-01 1.315268840398446937e-01
4.779999999999999805e-01 1.318287546211588945e-01
4.789999999999999813e-01 1.321307183962918130e-01
4.799999999999999822e-01 1.324327752314898021e-01
4.809999999999999831e-01 1.327349249927319008e-01
4.819999999999999840e-01 1.330371675457295011e-01
4.829999999999999849e-01 1.333395027559267920e-01
4.839999999999999858e-01 1.336419304885007875e-01
4.849999999999999867e-01 1.339444506083614095e-01
4.859999999999999876e-01 1.342470629801517101e-01
4.869999999999999885e-01 1.345497674682485933e-01
4.879999999999999893e-01 1.348525639367618989e-01
4.889999999999999902e-01 1.351554522495360122e-01
4.899999999999999911e-01 1.354584322701486987e-01
4.909999999999999920e-01 1.357615038619122139e-01
4.919999999999999929e-01 1.360646668878731091e-01
4.929999999999999938e-01 1.363679212108123984e-01
4.939999999999999947e-01 1.366712666932461129e-01
4.949999999999999956e-01 1.369747031974251072e-01
4.959999999999999964e-01 1.372782305853353924e-01
4.969999999999999973e-01 1.375818487186986072e-01
4.979999999999999982e-01 1.378855574589717137e-01
4.989999999999999991e-01 1.381893566673474960e-01
5.000000000000000000e-01 1.384932462047550050e-01
5.010000000000000009e-01 1.387972259318591972e-01
5.020000000000000018e-01 1.391012957090619062e-01
5.030000000000000027e-01 1.394054553965010101e-01
5.040000000000000036e-01 1.397097048540517916e-01
5.050000000000000044e-01 1.400140439413264937e-01
5.060000000000000053e-01 1.403184725176745973e-01
5.070000000000000062e-01 1.406229904421830990e-01
5.080000000000000071e-01 1.409275975736767883e-01
5.090000000000000080e-01 1.412322937707184978e-01
5.100000000000000089e-01 1.415370788916092970e-01
5.110000000000000098e-01 1.418419527943884928e-01
5.120000000000000107e-01 1.421469153368342953e-01
5.130000000000000115e-01 1.424519663764637900e-01
5.140000000000000124e-01 1.427571057705329938e-01
5.150000000000000133e-01 1.430623333760376037e-01
5.160000000000000142e-01 1.433676490497124978e-01
5.170000000000000151e-01 1.436730526480330117e-01
5.180000000000000160e-01 1.439785440272139116e-01
5.190000000000000169e-01 1.442841230432106991e-01
5.200000000000000178e-01 1.445897895517194998e-01
5.210000000000000187e-01 1.448955434081768134e-01
5.220000000000000195e-01 1.452013844677607080e-01
5.230000000000000204e-01 1.455073125853902916e-01
5.240000000000000213e-01 1.458133276157262959e-01
5.250000000000000222e-01 1.461194294131711868e-01
5.260000000000000231e-01 1.464256178318696089e-01
5.270000000000000240e-01 1.467318927257084127e-01
5.280000000000000249e-01 1.470382539483172935e-01
5.290000000000000258e-01 1.473447013530684024e-01
5.300000000000000266e-01 1.476512347930772906e-01
5.310000000000000275e-01 1.479578541212024922e-01
5.320000000000000284e-01 1.482645591900466908e-01
5.330000000000000293e-01 1.485713498519559972e-01
5.340000000000000302e-01 1.488782259590208934e-01
5.350000000000000311e-01 1.491851873630762049e-01
5.360000000000000320e-01 1.494922339157014890e-01
5.370000000000000329e-01 1.497993654682210907e-01
5.380000000000000338e-01 1.501065818717050027e-01
5.390000000000000346e-01 1.504138829769683106e-01
5.400000000000000355e-01 1.507212686345718866e-01
5.410000000000000364e-01 1.510287386948228894e-01
5.420000000000000373e-01 1.513362930077747914e-01
5.430000000000000382e-01 1.516439314232274904e-01
5.440000000000000391e-01 1.519516537907278919e-01
5.450000000000000400e-01 1.522594599595701870e-01
5.460000000000000409e-01 1.525673497787959909e-01
5.470000000000000417e-01 1.528753230971943988e-01
5.480000000000000426e-01 1.531833797633030125e-01
5.490000000000000435e-01 1.534915196254073022e-01
5.500000000000000444e-01 1.537997425315417999e-01
5.510000000000000453e-01 1.541080483294897108e-01
5.520000000000000462e-01 1.544164368667834963e-01
5.530000000000000471e-01 1.547249079907052072e-01
5.540000000000000480e-01 1.550334615482865941e-01
5.550000000000000488e-01 1.553420973863096077e-01
5.560000000000000497e-01 1.556508153513065928e-01
5.570000000000000506e-01 1.559596152895603993e-01
5.580000000000000515e-01 1.562684970471056034e-01
5.590000000000000524e-01 1.565774604697272032e-01
5.600000000000000533e-01 1.568865054029623951e-01
5.610000000000000542e-01 1.571956316921002961e-01
5.620000000000000551e-01 1.575048391821821103e-01
5.629999999999999449e-01 1.578141277180014901e-01
5.639999999999999458e-01 1.581234971441055903e-01
5.649999999999999467e-01 1.584329473047940973e-01
5.659999999999999476e-01 1.587424780441205885e-01
5.669999999999999485e-01 1.590520892058925051e-01
5.679999999999999494e-01 1.593617806336710963e-01
5.689999999999999503e-01 1.596715521707726126e-01
5.699999999999999512e-01 1.599814036602676959e-01
5.709999999999999520e-01 1.602913349449824054e-01
5.719999999999999529e-01 1.606013458674979966e-01
5.729999999999999538e-01 1.609114362701520862e-01
5.739999999999999547e-01 1.612216059950375979e-01
5.749999999999999556e-01 1.615318548840045942e-01
5.759999999999999565e-01 1.618421827786596934e-01
5.769999999999999574e-01 1.621525895203665968e-01
5.779999999999999583e-01 1.624630749502466998e-01
5.789999999999999591e-01 1.627736389091788138e-01
5.799999999999999600e-01 1.630842812378003881e-01
5.809999999999999609e-01 1.633950017765068985e-01
5.819999999999999618e-01 1.637058003654530136e-01
5.829999999999999627e-01 1.640166768445524004e-01
5.839999999999999636e-01 1.643276310534783902e-01
5.849999999999999645e-01 1.646386628316642009e-01
5.859999999999999654e-01 1.649497720183029092e-01
5.869999999999999662e-01 1.652609584523486996e-01
5.879999999999999671e-01 1.655722219725165867e-01
5.889999999999999680e-01 1.658835624172823875e-01
5.899999999999999689e-01 1.661949796248843869e-01
5.909999999999999698e-01 1.665064734333221996e-01
5.919999999999999707e-01 1.668180436803579914e-01
5.929999999999999716e-01 1.671296902035168119e-01
5.939999999999999725e-01 1.674414128400867063e-01
5.949999999999999734e-01 1.677532114271191865e-01
5.959999999999999742e-01 1.680650858014295923e-01
5.969999999999999751e-01 1.683770357995973965e-01
5.979999999999999760e-01 1.686890612579667881e-01
5.989999999999999769e-01 1.690011620126465886e-01
5.999999999999999778e-01 1.693133378995113902e-01
6.009999999999999787e-01 1.696255887542011953e-01
6.019999999999999796e-01 1.699379144121218044e-01
6.029999999999999805e-01 1.702503147084460100e-01
6.039999999999999813e-01 1.705627894781129028e-01
6.049999999999999822e-01 1.708753385558292037e-01
6.059999999999999831e-01 1.711879617760689032e-01
6.069999999999999840e-01 1.715006589730740938e-01
6.079999999999999849e-01 1.718134299808553034e-01
6.089999999999999858e-01 1.721262746331914117e-01
6.099999999999999867e-01 1.724391927636307886e-01
6.109999999999999876e-01 1.727521842054912937e-01
6.119999999999999885e-01 1.730652487918604987e-01
6.129999999999999893e-01 1.733783863555964921e-01
6.139999999999999902e-01 1.736915967293277963e-01
6.149999999999999911e-01 1.740048797454541996e-01
6.159999999999999920e-01 1.743182352361470899e-01
6.169999999999999929e-01 1.746316630333495101e-01
6.179999999999999938e-01 1.749451629687767962e-01
6.189999999999999947e-01 1.752587348739171047e-01
6.199999999999999956e-01 1.755723785800316072e-01
6.209999999999999964e-01 1.758860939181551009e-01
6.219999999999999973e-01 1.761998807190962024e-01
6.229999999999999982e-01 1.765137388134375984e-01
6.239999999999999991e-01 1.768276680315372940e-01
6.250000000000000000e-01 1.771416682035276968e-01
6.260000000000000009e-01 1.774557391593173938e-01
6.270000000000000018e-01 1.777698807285907068e-01
6.280000000000000027e-01 1.780840927408079977e-01
6.290000000000000036e-01 1.783983750252071954e-01
6.300000000000000044e-01 1.787127274108027131e-01
6.310000000000000053e-01 1.790271497263870026e-01
6.320000000000000062e-01 1.793416418005303881e-01
6.330000000000000071e-01 1.796562034615818981e-01
6.340000000000000080e-01 1.799708345376690999e-01
6.350000000000000089e-01 1.802855348566994864e-01
6.360000000000000098e-01 1.806003042463598107e-01
6.370000000000000107e-01 1.809151425341171127e-01
6.380000000000000115e-01 1.812300495472191908e-01
6.390000000000000124e-01 1.815450251126947967e-01
6.400000000000000133e-01 1.818600690573544953e-01
6.410000000000000142e-01 1.821751812077903876e-01
6.420000000000000151e-01 1.824903613903769983e-01
6.430000000000000160e-01 1.828056094312718871e-01
6.440000000000000169e-01 1.831209251564157869e-01
6.450000000000000178e-01 1.834363083915329096e-01
6.460000000000000187e-01 1.837517589621320002e-01
6.470000000000000195e-01 1.840672766935058935e-01
6.480000000000000204e-01 1.843828614107330122e-01
6.490000000000000213e-01 1.846985129386767011e-01
6.500000000000000222e-01 1.850142311019868091e-01
6.510000000000000231e-01 1.853300157250991065e-01
6.520000000000000240e-01 1.856458666322363116e-01
6.530000000000000249e-01 1.859617836474085073e-01
6.540000000000000258e-01 1.862777665944135019e-01
6.550000000000000266e-01 1.865938152968374120e-01
6.560000000000000275e-01 1.869099295780546899e-01
6.570000000000000284e-01 1.872261092612292899e-01
6.580000000000000293e-01 1.875423541693145013e-01
6.590000000000000302e-01 1.878586641250536982e-01
6.600000000000000311e-01 1.881750389509808108e-01
6.610000000000000320e-01 1.884914784694206868e-01
6.620000000000000329e-01 1.888079825024895908e-01
6.630000000000000338e-01 1.891245508720960089e-01
6.640000000000000346e-01 1.894411833999402883e-01
6.650000000000000355e-01 1.897578799075159972e-01
6.660000000000000364e-01 1.900746402161098969e-01
6.670000000000000373e-01 1.903914641468026914e-01
6.680000000000000382e-01 1.907083515204693047e-01
6.690000000000000391e-01 1.910253021577791033e-01
6.700000000000000400e-01 1.913423158791970891e-01
6.710000000000000409e-01 1.916593925049837888e-01
6.720000000000000417e-01 1.919765318551960864e-01
6.730000000000000426e-01 1.922937337496873067e-01
6.740000000000000435e-01 1.926109980081081863e-01
6.750000000000000444e-01 1.929283244499069017e-01
6.760000000000000453e-01 1.932457128943297908e-01
6.770000000000000462e-01 1.935631631604221026e-01
6.780000000000000471e-01 1.938806750670276913e-01
6.790000000000000480e-01 1.941982484327904046e-01
6.800000000000000488e-01 1.945158830761543056e-01
6.810000000000000497e-01 1.948335788153637005e-01
6.820000000000000506e-01 1.951513354684639989e-01
6.830000000000000515e-01 1.954691528533026024e-01
6.840000000000000524e-01 1.957870307875284877e-01
6.850000000000000533e-01 1.961049690885937058e-01
6.860000000000000542e-01 1.964229675737529102e-01
6.870000000000000551e-01 1.967410260600646887e-01
6.879999999999999449e-01 1.970591443643917862e-01
6.889999999999999458e-01 1.973773223034012980e-01
6.899999999999999467e-01 1.976955596935655035e-01
6.909999999999999476e-01 1.980138563511623928e-01
6.919999999999999485e-01 1.983322120922760001e-01
6.929999999999999494e-01 1.986506267327969866e-01
6.939999999999999503e-01 1.989691000884233896e-01
6.949999999999999512e-01 1.992876319746605951e-01
6.959999999999999520e-01 1.996062222068223924e-01
6.969999999999999529e-01 1.999248706000311127e-01
6.979999999999999538e-01 2.002435769692182954e-01
6.989999999999999547e-01 2.005623411291256875e-01
6.999999999999999556e-01 2.008811628943044936e-01
7.009999999999999565e-01 2.012000420791174027e-01
7.019999999999999574e-01 2.015189784977380882e-01
7.029999999999999583e-01 2.018379719641520131e-01
7.039999999999999591e-01 2.021570222921570958e-01
7.049999999999999600e-01 2.024761292953642100e-01
7.059999999999999609e-01 2.027952927871974897e-01
7.069999999999999618e-01 2.031145125808949958e-01
7.079999999999999627e-01 2.034337884895096038e-01
7.089999999999999636e-01 2.037531203259086987e-01
7.099999999999999645e-01 2.040725079027755906e-01
7.109999999999999654e-01 2.043919510326094868e-01
7.119999999999999662e-01 2.047114495277261026e-01
7.129999999999999671e-01 2.050310032002586880e-01
7.139999999999999680e-01 2.053506118621578058e-01
7.149999999999999689e-01 2.056702753251923865e-01
7.159999999999999698e-01 2.059899934009501998e-01
7.169999999999999707e-01 2.063097659008382989e-01
7.179999999999999716e-01 2.066295926360834090e-01
7.189999999999999725e-01 2.069494734177330098e-01
7.199999999999999734e-01 2.072694080566551966e-01
7.209999999999999742e-01 2.075893963635399020e-01
7.219999999999999751e-01 2.079094381488988119e-01
7.229999999999999760e-01 2.082295332230663099e-01
7.239999999999999769e-01 2.085496813962000873e-01
7.249999999999999778e-01 2.088698824782813934e-01
7.259999999999999787e-01 2.091901362791157015e-01
7.269999999999999796e-01 2.095104426083335136e-01
7.279999999999999805e-01 2.098308012753904994e-01
7.289999999999999813e-01 2.101512120895681901e-01
7.299999999999999822e-01 2.104716748599750886e-01
7.309999999999999831e-01 2.107921893955461978e-01
7.319999999999999840e-01 2.111127555050444915e-01
7.329999999999999849e-01 2.114333729970608866e-01
7.339999999999999858e-01 2.117540416800152980e-01
7.349999999999999867e-01 2.120747613621568883e-01
7.359999999999999876e-01 2.123955318515645119e-01
7.369999999999999885e-01 2.127163529561476030e-01
7.379999999999999893e-01 2.130372244836467865e-01
7.389999999999999902e-01 2.133581462416339058e-01
7.399999999999999911e-01 2.136791180375134103e-01
7.409999999999999920e-01 2.140001396785221888e-01
7.419999999999999929e-01 2.143212109717302916e-01
7.429999999999999938e-01 2.146423317240420958e-01
7.439999999999999947e-01 2.149635017421961947e-01
7.449999999999999956e-01 2.152847208327662021e-01
7.459999999999999964e-01 2.156059888021613913e-01
7.469999999999999973e-01 2.159273054566273053e-01
7.479999999999999982e-01 2.162486706022460903e-01
7.489999999999999991e-01 2.165700840449376052e-01
7.500000000000000000e-01 2.168915455904593115e-01
7.510000000000000009e-01 2.172130550444071884e-01
7.520000000000000018e-01 2.175346122122167047e-01
7.530000000000000027e-01 2.178562168991625969e-01
7.540000000000000036e-01 2.181778689103603119e-01
7.550000000000000044e-01 2.184995680507658966e-01
7.560000000000000053e-01 2.188213141251769966e-01
7.570000000000000062e-01 2.191431069382333008e-01
7.580000000000000071e-01 2.194649462944170959e-01
7.590000000000000080e-01 2.197868319980539886e-01
7.600000000000000089e-01 2.201087638533134883e-01
7.610000000000000098e-01 2.204307416642097006e-01
7.620000000000000107e-01 2.207527652346013003e-01
7.630000000000000115e-01 2.210748343681928907e-01
7.640000000000000124e-01 2.213969488685355869e-01
7.650000000000000133e-01 2.217191085390269878e-01
7.660000000000000142e-01 2.220413131829122866e-01
7.670000000000000151e-01 2.223635626032846035e-01
7.680000000000000160e-01 2.226858566030857911e-01
7.690000000000000169e-01 2.230081949851070999e-01
7.700000000000000178e-01 2.233305775519894010e-01
7.710000000000000187e-01 2.236530041062244067e-01
7.720000000000000195e-01 2.239754744501543937e-01
7.730000000000000204e-01 2.242979883859738954e-01
7.740000000000000213e-01 2.246205457157295082e-01
7.750000000000000222e-01 2.249431462413203908e-01
7.760000000000000231e-01 2.252657897644999019e-01
7.770000000000000240e-01 2.255884760868751004e-01
7.780000000000000249e-01 2.259112050099079949e-01
7.790000000000000258e-01 2.262339763349157096e-01
7.800000000000000266e-01 2.265567898630719001e-01
7.810000000000000275e-01 2.268796453954063097e-01
7.820000000000000284e-01 2.272025427328059899e-01
7.830000000000000293e-01 2.275254816760161058e-01
7.840000000000000302e-01 2.278484620256401028e-01
7.850000000000000311e-01 2.281714835821405940e-01
7.860000000000000320e-01 2.284945461458398885e-01
7.870000000000000329e-01 2.288176495169206015e-01
7.880000000000000338e-01 2.291407934954264869e-01
7.890000000000000346e-01 2.294639778812626041e-01
7.900000000000000355e-01 2.297872024741965946e-01
7.910000000000000364e-01 2.301104670738585989e-01
7.920000000000000373e-01 2.304337714797423942e-01
7.930000000000000382e-01 2.307571154912060052e-01
7.940000000000000391e-01 2.310804989074720095e-01
7.950000000000000400e-01 2.314039215276285089e-01
7.960000000000000409e-01 2.317273831506294068e-01
7.970000000000000417e-01 2.320508835752954913e-01
7.980000000000000426e-01 2.323744226003147118e-01
7.990000000000000435e-01 2.326980000242429014e-01
8.000000000000000444e-01 2.330216156455044985e-01
8.010000000000000453e-01 2.333452692623931013e-01
8.020000000000000462e-01 2.336689606730723012e-01
8.030000000000000471e-01 2.339926896755759878e-01
8.040000000000000480e-01 2.343164560678089869e-01
8.050000000000000488e-01 2.346402596475483104e-01
8.060000000000000497e-01 2.349641002124432110e-01
8.070000000000000506e-01 2.352879775600157097e-01
8.080000000000000515e-01 2.356118914876617065e-01
8.090000000000000524e-01 2.359358417926518126e-01
8.100000000000000533e-01 2.362598282721307952e-01
8.110000000000000542e-01 2.365838507231199095e-01
8.120000000000000551e-01 2.369079089425160101e-01
8.129999999999999449e-01 2.372320027270931886e-01
8.139999999999999458e-01 2.375561318735031902e-01
8.149999999999999467e-01 2.378802961782758019e-01
8.159999999999999476e-01 2.382044954378197965e-01
8.169999999999999485e-01 2.385287294484234044e-01
8.179999999999999494e-01 2.388529980062548963e-01
8.189999999999999503e-01 2.391773009073638045e-01
8.199999999999999512e-01 2.395016379476808122e-01
8.209999999999999520e-01 2.398260089230188075e-01
8.219999999999999529e-01 2.401504136290736058e-01
8.229999999999999538e-01 2.404748518614241992e-01
8.239999999999999547e-01 2.407993234155340889e-01
8.249999999999999556e-01 2.411238280867513128e-01
8.259999999999999565e-01 2.414483656703095005e-01
8.269999999999999574e-01 2.417729359613280948e-01
8.279999999999999583e-01 2.420975387548136015e-01
8.289999999999999591e-01 2.424221738456598108e-01
8.299999999999999600e-01 2.427468410286489076e-01
8.309999999999999609e-01 2.430715400984511942e-01
8.319999999999999618e-01 2.433962708496270888e-01
8.329999999999999627e-01 2.437210330766265975e-01
8.339999999999999636e-01 2.440458265737908972e-01
8.349999999999999645e-01 2.443706511353521960e-01
8.359999999999999654e-01 2.446955065554348996e-01
8.369999999999999662e-01 2.450203926280564992e-01
8.379999999999999671e-01 2.453453091471274050e-01
8.389999999999999680e-01 2.456702559064526947e-01
8.399999999999999689e-01 2.459952326997315863e-01
8.409999999999999698e-01 2.463202393205591034e-01
8.419999999999999707e-01 2.466452755624266024e-01
8.429999999999999716e-01 2.469703412187216895e-01
8.439999999999999725e-01 2.472954360827301079e-01
8.449999999999999734e-01 2.476205599476350994e-01
8.459999999999999742e-01 2.479457126065190975e-01
8.469999999999999751e-01 2.482708938523638109e-01
8.479999999999999760e-01 2.485961034780513890e-01
8.489999999999999769e-01 2.489213412763646993e-01
8.499999999999999778e-01 2.492466070399879940e-01
8.509999999999999787e-01 2.495719005615079089e-01
8.519999999999999796e-01 2.498972216334141017e-01
8.529999999999999805e-01 2.502225700480993908e-01
8.539999999999999813e-01 2.505479455978613101e-01
8.549999999999999822e-01 2.508733480749019140e-01
8.559999999999999831e-01 2.511987772713292211e-01
8.569999999999999840e-01 2.515242329791573805e-01
8.579999999999999849e-01 2.518497149903075050e-01
8.589999999999999858e-01 2.521752230966083919e-01
8.599999999999999867e-01 2.525007570897973008e-01
8.609999999999999876e-01 2.528263167615206197e-01
8.619999999999999885e-01 2.531519019033339757e-01
8.629999999999999893e-01 2.534775123067041225e-01
8.639999999999999902e-01 2.538031477630081079e-01
8.649999999999999911e-01 2.541288080635358826e-01
8.659999999999999920e-01 2.544544929994885796e-01
8.669999999999999929e-01 2.547802023619815115e-01
8.679999999999999938e-01 2.551059359420433936e-01
8.689999999999999947e-01 2.554316935306176761e-01
8.699999999999999956e-01 2.557574749185628771e-01
8.709999999999999964e-01 2.560832798966536927e-01
8.719999999999999973e-01 2.564091082555812751e-01
8.729999999999999982e-01 2.567349597859540089e-01
8.739999999999999991e-01 2.570608342782988998e-01
8.750000000000000000e-01 2.573867315230609076e-01
8.760000000000000009e-01 2.577126513106047789e-01
8.770000000000000018e-01 2.580385934312153795e-01
8.780000000000000027e-01 2.583645576750984163e-01
8.790000000000000036e-01 2.586905438323807149e-01
8.800000000000000044e-01 2.590165516931119960e-01
8.810000000000000053e-01 2.593425810472643200e-01
8.820000000000000062e-01 2.596686316847334752e-01
8.830000000000000071e-01 2.599947033953396991e-01
8.840000000000000080e-01 2.603207959688281781e-01
8.850000000000000089e-01 2.606469091948694916e-01
8.860000000000000098e-01 2.609730428630612775e-01
8.870000000000000107e-01 2.612991967629276768e-01
8.880000000000000115e-01 2.616253706839207771e-01
8.890000000000000124e-01 2.619515644154213896e-01
8.900000000000000133e-01 2.622777777467393268e-01
8.910000000000000142e-01 2.626040104671144015e-01
8.920000000000000151e-01 2.629302623657169824e-01
8.930000000000000160e-01 2.632565332316489926e-01
8.940000000000000169e-01 2.635828228539437990e-01
8.950000000000000178e-01 2.639091310215682107e-01
8.960000000000000187e-01 2.642354575234222014e-01
8.970000000000000195e-01 2.645618021483395754e-01
8.980000000000000204e-01 2.648881646850895777e-01
8.990000000000000213e-01 2.652145449223766160e-01
9.000000000000000222e-01 2.655409426488413160e-01
9.010000000000000231e-01 2.658673576530615756e-01
9.020000000000000240e-01 2.661937897235527872e-01
9.030000000000000249e-01 2.665202386487687813e-01
9.040000000000000258e-01 2.668467042171024928e-01
9.050000000000000266e-01 2.671731862168866822e-01
9.060000000000000275e-01 2.674996844363946025e-01
9.070000000000000284e-01 2.678261986638407199e-01
9.080000000000000293e-01 2.681527286873814919e-01
9.090000000000000302e-01 2.684792742951159772e-01
9.100000000000000311e-01 2.688058352750868907e-01
9.110000000000000320e-01 2.691324114152806035e-01
9.120000000000000329e-01 2.694590025036284198e-01
9.130000000000000338e-01 2.697856083280071871e-01
9.140000000000000346e-01 2.701122286762401847e-01
9.150000000000000355e-01 2.704388633360975125e-01
9.160000000000000364e-01 2.707655120952964234e-01
9.170000000000000373e-01 2.710921747415032113e-01
9.180000000000000382e-01 2.714188510623330997e-01
9.190000000000000391e-01 2.717455408453507970e-01
9.200000000000000400e-01 2.720722438780717178e-01
9.210000000000000409e-01 2.723989599479624824e-01
9.220000000000000417e-01 2.727256888424418046e-01
9.230000000000000426e-01 2.730524303488808258e-01
9.240000000000000435e-01 2.733791842546042794e-01
9.250000000000000444e-01 2.737059503468908250e-01
9.260000000000000453e-01 2.740327284129737140e-01
9.270000000000000462e-01 2.743595182400422883e-01
9.280000000000000471e-01 2.746863196152419251e-01
9.290000000000000480e-01 2.750131323256743143e-01
9.300000000000000488e-01 2.753399561584000121e-01
9.310000000000000497e-01 2.756667909004371086e-01
9.320000000000000506e-01 2.759936363387630043e-01
9.330000000000000515e-01 2.763204922603149094e-01
9.340000000000000524e-01 2.766473584519908990e-01
9.350000000000000533e-01 2.769742347006500238e-01
9.360000000000000542e-01 2.773011207931131983e-01
9.370000000000000551e-01 2.776280165161644775e-01
9.379999999999999449e-01 2.779549216565511127e-01
9.389999999999999458e-01 2.782818360009842729e-01
9.399999999999999467e-01 2.786087593361408765e-01
9.409999999999999476e-01 2.789356914486622041e-01
9.419999999999999485e-01 2.792626321251567845e-01
9.429999999999999494e-01 2.795895811522000063e-01
9.439999999999999503e-01 2.799165383163347842e-01
9.449999999999999512e-01 2.802435034040726136e-01
9.459999999999999520e-01 2.805704762018945142e-01
9.469999999999999529e-01 2.808974564962509746e-01
9.479999999999999538e-01 2.812244440735631734e-01
9.489999999999999547e-01 2.815514387202240898e-01
9.499999999999999556e-01 2.818784402225985031e-01
9.509999999999999565e-01 2.822054483670241032e-01
9.519999999999999574e-01 2.825324629398119902e-01
9.529999999999999583e-01 2.828594837272477847e-01
9.539999999999999591e-01 2.831865105155919049e-01
9.549999999999999600e-01 2.835135430910802889e-01
9.559999999999999609e-01 2.838405812399258932e-01
9.569999999999999618e-01 2.841676247483183038e-01
9.579999999999999627e-01 2.844946734024255131e-01
9.589999999999999636e-01 2.848217269883935865e-01
9.599999999999999645e-01 2.851487852923481059e-01
9.609999999999999654e-01 2.854758481003948911e-01
9.619999999999999662e-01 2.858029151986204996e-01
9.629999999999999671e-01 2.861299863730927262e-01
9.639999999999999680e-01 2.864570614098621015e-01
9.649999999999999689e-01 2.867841400949615038e-01
9.659999999999999698e-01 2.871112222144081016e-01
9.669999999999999707e-01 2.874383075542031873e-01
9.679999999999999716e-01 2.877653959003331763e-01
9.689999999999999725e-01 2.880924870387701064e-01
9.699999999999999734e-01 2.884195807554731927e-01
9.709999999999999742e-01 2.887466768363884939e-01
9.719999999999999751e-01 2.890737750674503004e-01
9.729999999999999760e-01 2.894008752345816893e-01
9.739999999999999769e-01 2.897279771236949131e-01
9.749999999999999778e-01 2.900550805206928984e-01
9.759999999999999787e-01 2.903821852114691904e-01
9.769999999999999796e-01 2.907092909819091742e-01
9.779999999999999805e-01 2.910363976178904077e-01
9.789999999999999813e-01 2.913635049052837878e-01
9.799999999999999822e-01 2.916906126299539936e-01
9.809999999999999831e-01 2.920177205777600982e-01
9.819999999999999840e-01 2.923448285345567887e-01
9.829999999999999849e-01 2.926719362861944784e-01
9.839999999999999858e-01 2.929990436185201941e-01
9.849999999999999867e-01 2.933261503173790752e-01
9.859999999999999876e-01 2.936532561686138743e-01
9.869999999999999885e-01 2.939803609580661781e-01
9.879999999999999893e-01 2.943074644715777954e-01
9.889999999999999902e-01 2.946345664949904797e-01
9.899999999999999911e-01 2.949616668141469833e-01
9.909999999999999920e-01 2.952887652148921127e-01
9.919999999999999929e-01 2.956158614830731723e-01
9.929999999999999938e-01 2.959429554045407973e-01
9.939999999999999947e-01 2.962700467651495084e-01
9.949999999999999956e-01 2.965971353507581010e-01
9.959999999999999964e-01 2.969242209472318095e-01
9.969999999999999973e-01 2.972513033404414751e-01
9.979999999999999982e-01 2.975783823162643782e-01
9.989999999999999991e-01 2.979054576605862925e-01
1.000000000000000000e+00 2.982325291593007077e-01
1.100000000000000089e+00 3.308831874728440092e-01
1.199999999999999956e+00 3.632825113987409038e-01
1.300000000000000044e+00 3.952236782604308107e-01
1.399999999999999911e+00 4.265191894032698827e-01
1.500000000000000000e+00 4.570013503679690725e-01
1.600000000000000089e+00 4.865192969934128975e-01
1.699999999999999956e+00 5.149545422910311032e-01
1.800000000000000044e+00 5.422133418068264543e-01
1.899999999999999911e+00 5.682284127397211337e-01
2.000000000000000000e+00 5.929574580494141323e-01
2.100000000000000089e+00 6.163808728943670490e-01
2.200000000000000178e+00 6.384989217089949154e-01
2.299999999999999822e+00 6.593286515915186552e-01
2.399999999999999911e+00 6.789007653897332073e-01
2.500000000000000000e+00 6.972566259917891696e-01
2.600000000000000089e+00 7.144455104294162862e-01
2.700000000000000178e+00 7.305221844362721484e-01
2.799999999999999822e+00 7.455448283477776883e-01
2.899999999999999911e+00 7.595747715563170299e-01
3.000000000000000000e+00 7.726695275231191262e-01
3.100000000000000089e+00 7.848898516322480035e-01
3.200000000000000178e+00 7.962936003326560597e-01
3.299999999999999822e+00 8.069377047867486441e-01
3.399999999999999911e+00 8.168732350759020377e-01
3.500000000000000000e+00 8.261521239256905957e-01
3.600000000000000089e+00 8.348207066724371295e-01
3.700000000000000178e+00 8.429238501643397941e-01
3.799999999999999822e+00 8.505033819043286147e-01
3.899999999999999911e+00 8.575972305224286441e-01
4.000000000000000000e+00 8.642414107869451634e-01
4.099999999999999645e+00 8.704689552075942638e-01
4.200000000000000178e+00 8.763106765869750348e-01
4.299999999999999822e+00 8.817944004397857416e-01
4.400000000000000355e+00 8.869462308858977462e-01
4.500000000000000000e+00 8.917915656196562235e-01
4.599999999999999645e+00 8.963495511578596364e-01
4.700000000000000178e+00 9.006444308692442835e-01
4.799999999999999822e+00 9.046914642269323625e-01
4.900000000000000355e+00 9.085081830903040112e-01
5.000000000000000000e+00 9.121145220870769954e-01
5.099999999999999645e+00 9.155193752617095670e-01
5.200000000000000178e+00 9.187402747144861603e-01
5.299999999999999822e+00 9.217907473911971517e-01
5.400000000000000355e+00 9.246783411795913565e-01
5.500000000000000000e+00 9.274152968859323831e-01
5.599999999999999645e+00 9.300086684942635573e-01
5.700000000000000178e+00 9.324733421107149756e-01
5.799999999999999822e+00 9.348146600394243722e-01
5.900000000000000355e+00 9.370404543008011844e-01
6.000000000000000000e+00 9.391579106812993905e-01
6.099999999999999645e+00 9.411737834291064031e-01
6.200000000000000178e+00 9.430940648942167659e-01
6.299999999999999822e+00 9.449246764105607710e-01
6.400000000000000355e+00 9.466708514549732056e-01
6.500000000000000000e+00 9.483375423865844089e-01
6.599999999999999645e+00 9.499294490424203818e-01
6.700000000000000178e+00 9.514506773045460220e-01
6.799999999999999822e+00 9.529054049099480173e-01
6.900000000000000355e+00 9.542971786265660450e-01
7.000000000000000000e+00 9.556296555672390003e-01
7.099999999999999645e+00 9.569059915568741692e-01
7.200000000000000178e+00 9.581292210504770424e-01
7.299999999999999822e+00 9.593021814932599645e-01
7.400000000000000355e+00 9.604275279455279923e-01
7.500000000000000000e+00 9.615077465385599709e-01
7.599999999999999645e+00 9.625451668117444015e-01
7.700000000000000178e+00 9.635420634298893505e-01
7.799999999999999822e+00 9.645003100433370280e-01
7.900000000000000355e+00 9.654220056874551759e-01
8.000000000000000000e+00 9.663087886208031607e-01
8.099999999999999645e+00 9.671625302558284343e-01
8.199999999999999289e+00 9.679846599290036213e-01
8.300000000000000711e+00 9.687768576220175953e-01
8.400000000000000355e+00 9.695404544633428046e-01
8.500000000000000000e+00 9.702767890138872531e-01
8.599999999999999645e+00 9.709870403790703541e-01
8.699999999999999289e+00 9.716725688995412336e-01
8.800000000000000711e+00 9.723344135616815986e-01
8.900000000000000355e+00 9.729736372273918299e-01
9.000000000000000000e+00 9.735912447106249701e-01
9.099999999999999645e+00 9.741881864192439844e-01
9.199999999999999289e+00 9.747653617900100542e-01
9.300000000000000711e+00 9.753236224753207839e-01
9.400000000000000355e+00 9.758638568982239692e-01
9.500000000000000000e+00 9.763866691933164033e-01
9.599999999999999645e+00 9.768928643321291849e-01
9.699999999999999289e+00 9.773831305307584261e-01
9.800000000000000711e+00 9.778581210280483660e-01
9.900000000000000355e+00 9.783185370266087588e-01
1.000000000000000000e+01 9.787648119677502256e-01
1.009999999999999964e+01 9.791975823730904027e-01
1.019999999999999929e+01 9.796174594178204131e-01
1.030000000000000071e+01 9.800248009999892318e-01
1.040000000000000036e+01 9.804201618772802052e-01
1.050000000000000000e+01 9.808040812114595663e-01
1.059999999999999964e+01 9.811768470894868255e-01
1.069999999999999929e+01 9.815390235364808147e-01
1.080000000000000071e+01 9.818908682841327451e-01
1.090000000000000036e+01 9.822328274207318133e-01
1.100000000000000000e+01 9.825653461524351817e-01
1.109999999999999964e+01 9.828886167445427535e-01
1.119999999999999929e+01 9.832031236570164534e-01
1.130000000000000071e+01 9.835090313324488243e-01
1.140000000000000036e+01 9.838067946265636188e-01
1.150000000000000000e+01 9.840966214550918023e-01
1.159999999999999964e+01 9.843787294713856051e-01
1.169999999999999929e+01 9.846535144489202418e-01
1.180000000000000071e+01 9.849210974173442379e-01
1.190000000000000036e+01 9.851818569625567790e-01
1.200000000000000000e+01 9.854358866751937729e-01
1.209999999999999964e+01 9.856835534843856328e-01
1.219999999999999929e+01 9.859249942130894340e-01
1.230000000000000071e+01 9.861603531190787919e-01
1.240000000000000036e+01 9.863899602864948379e-01
1.250000000000000000e+01 9.866139331378668276e-01
1.259999999999999964e+01 9.868323947567896326e-01
1.269999999999999929e+01 9.870456464735871682e-01
1.280000000000000071e+01 9.872537873100000194e-01
1.290000000000000036e+01 9.874569204169394432e-01
1.300000000000000000e+01 9.876553257330176194e-01
1.309999999999999964e+01 9.878490844671999893e-01
1.319999999999999929e+01 9.880382804758860438e-01
1.330000000000000071e+01 9.882231794108036205e-01
1.340000000000000036e+01 9.884038447085141676e-01
1.350000000000000000e+01 9.885804041571267797e-01
1.359999999999999964e+01 9.887529265537088330e-01
1.369999999999999929e+01 9.889216467834683888e-01
1.380000000000000071e+01 9.890866158071194292e-01
1.390000000000000036e+01 9.892479436292823669e-01
1.400000000000000000e+01 9.894056844866627731e-01
1.409999999999999964e+01 9.895600517257522322e-01
1.419999999999999929e+01 9.897110836163696135e-01
1.430000000000000071e+01 9.898588752619722486e-01
1.440000000000000036e+01 9.900035184387585563e-01
1.450000000000000000e+01 9.901450571244365673e-01
1.459999999999999964e+01 9.902836724729120466e-01
1.469999999999999929e+01 9.904193950124819956e-01
1.480000000000000071e+01 9.905523044612536410e-01
1.490000000000000036e+01 9.906824301834852298e-01
1.500000000000000000e+01 9.908099488385255782e-01
1.509999999999999964e+01 9.909348768380924488e-01
1.519999999999999929e+01 9.910572837168941662e-01
1.530000000000000071e+01 9.911772367249620519e-01
1.540000000000000036e+01 9.912948008810348322e-01
1.550000000000000000e+01 9.914099993020818458e-01
1.559999999999999964e+01 9.915229782957674098e-01
1.569999999999999929e+01 9.916337502066076004e-01
1.580000000000000071e+01 9.917423720363868211e-01
1.590000000000000036e+01 9.918488989810424483e-01
1.600000000000000000e+01 9.919533844725884064e-01
