1.000000000000000021e-02 3.440468403218559512e-01 1.293471036820494980e-04
1.000000000000000056e-01 2.622249293204105269e-01 9.704430199023980944e-05
5.000000000000000000e-01 7.964343952555322237e-02 6.118228140703458131e-05
8.000000000000000444e-01 3.950864587631439107e-02 3.206408824850521356e-05
1.000000000000000000e+00 1.994909232166544588e-02 2.251755746013701313e-05
1.250000000000000000e+00 1.033052373593777717e-02 2.849963888043895562e-05
1.500000000000000000e+00 3.566107457968894362e-03 7.055300218890023016e-06
1.750000000000000000e+00 1.815824171905609059e-03 9.831673894999219134e-06
2.000000000000000000e+00 9.936840394060100258e-04 3.660919275698194546e-06
2.500000000000000000e+00 4.121467839744525838e-04 2.534497902070813917e-06
3.000000000000000000e+00 2.259153626207502483e-04 2.295196318427617009e-06
3.500000000000000000e+00 1.826772517274950086e-04 2.969952597467485781e-06
4.000000000000000000e+00 1.002204819712021515e-04 1.365729274927288261e-06
4.500000000000000000e+00 1.001902442884680905e-04 2.468231589097081477e-06
4.750000000000000000e+00 8.855692862729724814e-05 2.342619081502363274e-06
5.000000000000000000e+00 5.468578951668029328e-05 8.398869221136804939e-07
6.000000000000000000e+00 3.459938149827933610e-05 6.083532399055477450e-07
7.000000000000000000e+00 2.414515717442668899e-05 5.734403232628619965e-07
