1.000000000000000021e-02 1.076588369589504338e-02 1.739651953441222719e-04
1.000000000000000056e-01 3.755031707908443317e-02 8.249601329539071908e-06
5.000000000000000000e-01 4.400064812709388040e-02 2.149499670358382046e-05
8.000000000000000444e-01 3.732377821705454291e-02 2.322044973786326460e-05
1.000000000000000000e+00 3.027183242182675954e-02 2.467250541241602048e-05
1.500000000000000000e+00 1.889315391374803837e-02 2.254173991825905133e-05
2.000000000000000000e+00 1.268241288558701919e-02 2.053619743703851449e-05
2.500000000000000000e+00 9.669242106434779160e-03 1.291900023533104292e-05
3.000000000000000000e+00 7.944446116288353052e-03 1.202249106673042708e-05
4.000000000000000000e+00 6.039249556038158231e-03 1.102457516573152972e-05
5.000000000000000000e+00 5.024143367926644024e-03 1.054484342479212425e-05
6.000000000000000000e+00 4.404162642649136691e-03 9.373556219224324847e-06
7.000000000000000000e+00 3.960193381347427467e-03 9.120641346917602891e-06
