1.000000000000000021e-02 3.337682503536769096e-01 9.867167853519942695e-04
1.000000000000000056e-01 2.565608413414351419e-01 1.012919997700179563e-03
5.000000000000000000e-01 1.300416376260870865e-01 3.216479951510008758e-04
8.000000000000000444e-01 1.342811025445435069e-01 3.951187315458525614e-04
1.000000000000000000e+00 1.370189076839638531e-01 2.425634509715865190e-04
1.500000000000000000e+00 1.301590537841876005e-01 2.563488881738986238e-04
2.000000000000000000e+00 6.994730411137771442e-02 1.438214912460311352e-04
2.299999999999999822e+00 7.433416312615935724e-03 3.945506593551887970e-05
2.500000000000000000e+00 5.135857933722165524e-04 1.054674023389021967e-05
2.700000000000000178e+00 3.936624800613459539e-04 9.422737902492927503e-06
3.000000000000000000e+00 2.893509645566626361e-04 6.044165161702772033e-06
4.000000000000000000e+00 1.349757508431003285e-04 4.855644746979870629e-06
5.000000000000000000e+00 8.455716836511381271e-05 3.065584861351923512e-06
