1.000000000000000021e-02 3.337682503536769096e-01 9.867167853519942695e-04
1.000000000000000056e-01 2.565608413414351419e-01 1.012919997700179563e-03
5.000000000000000000e-01 1.300416376260870865e-01 3.216479951510008758e-04
8.000000000000000444e-01 1.342811025445435069e-01 3.951187315458525614e-04
1.000000000000000000e+00 1.370189076839638531e-01 2.425634509715865190e-04
1.252999999999999892e+00 1.396780493246142230e-01 1.898419287292773215e-04
1.500000000000000000e+00 1.301590537841876005e-01 2.563488881738986238e-04
1.752999999999999892e+00 1.094008349790102225e-01 1.310902075747117528e-04
2.000000000000000000e+00 6.500618237743227557e-02 1.291261863365071203e-04
2.299999999999999822e+00 7.388082691915036360e-03 4.539256484934453870e-05
2.500000000000000000e+00 5.173864592615997748e-04 1.335282933730373023e-05
2.700000000000000178e+00 3.893223195043246871e-04 9.470840258209671305e-06
3.000000000000000000e+00 2.893509645566626361e-04 6.044165161702772033e-06
3.529999999999999805e+00 1.822748178545140489e-04 4.957045628937864589e-06
4.000000000000000000e+00 1.349757508431003285e-04 4.855644746979870629e-06
4.530000000000000249e+00 1.019253007608834401e-04 3.287280334457384960e-06
5.000000000000000000e+00 8.455716836511381271e-05 3.065584861351923512e-06
