5.,2.1497680430804245e-6
4.97505,2.160930872519007e-6
4.9501,2.1775320266370635e-6
4.92515,2.1870579978156e-6
4.9002,2.203904873820939e-6
4.87525,2.2137762863416732e-6
4.850300000000001,2.230489163312921e-6
4.82535,2.2408361096681872e-6
4.800400000000001,2.258325506765413e-6
4.77545,2.268491151091734e-6
4.750500000000001,2.2864682389101e-6
4.72555,2.296420396452614e-6
4.7006000000000006,2.316008545166781e-6
4.67565,2.3254313264997606e-6
4.6507000000000005,2.345876333520458e-6
4.62575,2.3566672198716e-6
4.6008000000000004,2.37653167339813e-6
4.57585,2.3874801857171057e-6
4.5509,2.4079660166931305e-6
4.52595,2.4190396907264322e-6
4.501,2.440244392276636e-6
4.47605,2.4514469569303365e-6
4.4511,2.4734016990102248e-6
4.42615,2.484743137132206e-6
4.4012,2.5074753222664725e-6
4.376250000000001,2.525028173883115e-6
4.3513,2.542677280004124e-6
4.326350000000001,2.5605757477675795e-6
4.3014,2.5787289351097975e-6
4.2764500000000005,2.5971423466275567e-6
4.2515,2.615821643792149e-6
4.2265500000000005,2.6347726591047227e-6
4.2016,2.654001395485661e-6
4.17665,2.673514032658364e-6
4.1517,2.6933169356979647e-6
4.12675,2.7134166622477807e-6
4.1018,2.7338199678483832e-6
4.07685,2.754533817372895e-6
4.0519,2.775565388357659e-6
4.02695,2.7969220862122945e-6
4.002000000000001,2.818611542776406e-6
3.97705,2.840641634804797e-6
3.9521,2.863020490906365e-6
3.92715,2.885702478694352e-6
3.9022,2.908822611613626e-6
3.87725,2.9323096730760057e-6
3.8523,2.956172555745873e-6
3.82735,2.980421585030424e-6
3.8024,3.005068340333761e-6
3.77745,3.0301261059184625e-6
3.7525000000000004,3.0556103379209e-6
3.7275500000000004,3.0815392232930172e-6
3.7026000000000003,3.1079340362394348e-6
3.6776500000000003,3.1348345861381688e-6
3.6527000000000003,3.1621394179781603e-6
3.6277500000000003,3.1899269651303186e-6
3.6028000000000002,3.2182102157052306e-6
3.57785,3.2470026291031573e-6
3.5529,3.276318160772007e-6
3.52795,3.3061712804149934e-6
3.503,3.336577000800922e-6
3.47805,3.367550903188299e-6
3.4531,3.3991091618057467e-6
3.42815,3.4312685736059834e-6
3.4032,3.464046591405978e-6
3.37825,3.497461354307063e-6
3.3533,3.5315317185591333e-6
3.32835,3.5662772996380987e-6
3.3034000000000003,3.6017185087722225e-6
3.2784500000000003,3.63787658858028e-6
3.2535000000000003,3.674773668804754e-6
3.2285500000000003,3.712432798619325e-6
3.2036000000000002,3.7508780066364267e-6
3.17865,3.7901343440394086e-6
3.1537,3.83022795125143e-6
3.12875,3.871186105508517e-6
3.1038,3.913037296743305e-6
3.07885,3.9558112836513e-6
3.0539,3.999539176735567e-6
3.02895,4.044253505863793e-6
3.004,4.089988312638848e-6
2.97905,4.136779232333243e-6
2.9541,4.1846635916442665e-6
2.92915,4.233680513388016e-6
2.9042,4.283871023247343e-6
2.87925,4.335278167733048e-6
2.8543000000000003,4.387947141415438e-6
2.8293500000000003,4.441925429476967e-6
2.8044000000000002,4.4972629439365974e-6
2.77945,4.554012193291879e-6
2.7545,4.6122284476091124e-6
2.72955,4.671969927982911e-6
2.7046,4.733298005266118e-6
2.67965,4.7962774173404554e-6
2.6547,4.86097651097861e-6
2.62975,4.927467491588899e-6
2.6048,4.995826702991479e-6
2.57985,5.066134938225275e-6
2.5549,5.138477760957549e-6
2.52995,5.212945872523633e-6
2.505,5.289635504446277e-6
2.48005,5.368648856751701e-6
2.4551,5.450094561931795e-6
2.4301500000000003,5.534088208913879e-6
2.4052000000000002,5.620752917212535e-6
2.38025,5.710219968091401e-6
2.3553,5.802629488071975e-6
2.33035,5.8981312273109765e-6
2.3054,5.996885408587893e-6
2.28045,6.099063654063652e-6
2.2555,6.204850049817967e-6
2.23055,6.314442297206124e-6
2.2056,6.4280530163718375e-6
2.18065,6.545911194644205e-6
2.1557,6.6682638167891994e-6
2.13075,6.795377679391645e-6
2.1058,6.927541459145203e-6
2.08085,7.065068026557153e-6
2.0559,7.208297058525215e-6
2.03095,7.3575980293894006e-6
2.0060000000000002,7.513373588119432e-6
1.9810500000000002,7.676063420447576e-6
1.9561000000000002,7.846148664725217e-6
1.9311500000000001,8.024157015118494e-6
1.9062000000000001,8.210668542507626e-6
1.8812500000000003,8.40632249965445e-6
1.8563000000000003,8.611825152382568e-6
1.8313500000000003,8.827958973112171e-6
1.8064000000000002,9.05559338409967e-6
1.7814500000000002,9.295697330657937e-6
1.7565000000000002,9.549354299309698e-6
1.7315500000000001,9.817779992704612e-6
1.7066000000000001,0.00001010234355253159
1.68165,0.000010404592997281803
1.6567000000000003,0.000010725662371646738
1.6317500000000003,0.000011068967858851586
1.6068000000000002,0.00001143630909600235
1.5818500000000002,0.000011829598405843633
1.5569000000000002,0.000012252344118834912
1.5319500000000001,0.00001270813106735158
1.5070000000000001,0.000013201159974163268
1.48205,0.000013736398776997838
1.4571,0.000014319771104109869
1.4321500000000003,0.00001495840328624709
1.4072000000000002,0.000015663319635261796
1.3822500000000002,0.000016440868570000156
1.3573000000000002,0.000017302452038014948
1.3323500000000001,0.000018276457042443184
1.3074000000000001,0.000019366866489678447
1.28245,0.000020615720286221162
1.2575,0.00002205625780321574
1.23255,0.000023750981949066663
1.2076000000000002,0.000025752420484470573
1.1826500000000002,0.000028176343850272456
1.1577000000000002,0.00003118835911425366
1.1327500000000001,0.00003505712494777935
1.1078000000000001,0.00004026272992474489
1.08285,0.00004776573751652524
1.0579,0.000059877971815336384
1.03295,0.00008440258891551089
1.008,0.0001986734323052297
0.9830500000000001,0.016584034269430115
0.9581000000000001,0.016632939568192617
0.9331500000000001,0.016684751745826343
0.9082000000000001,0.0167397377229202
0.8832500000000001,0.01679819810583999
0.8583000000000001,0.016860472669350923
0.8333500000000001,0.01692694694519714
0.8084000000000001,0.0169980601855495
0.7834500000000001,0.017074315047866717
0.7585000000000001,0.017156289451035922
0.73355,0.017244651191962834
0.7086000000000001,0.017340176101821536
0.6836500000000001,0.017443770782620827
0.6587000000000001,0.01755650132921016
0.63375,0.017679629956125487
0.6088000000000001,0.017814662184671426
0.5838500000000001,0.017963408314611462
0.5589000000000001,0.01812806448073867
0.53395,0.018311320964108757
0.509,0.018516509052010188
0.48405000000000004,0.018747803407965724
0.45910000000000006,0.01901050598137266
0.43415000000000004,0.019311452677122143
0.40920000000000006,0.0196596072377464
0.38425000000000004,0.02006695586588564
0.35930000000000006,0.02054988776981853
0.33435000000000004,0.021131403095049073
0.30940000000000006,0.021844782052400813
0.28445000000000004,0.02273996587134053
0.2595,0.02389526789517471
0.23455000000000004,0.02544029611016152
0.20960000000000004,0.027604427326568537
0.18465000000000004,0.030829189574112403
0.15970000000000004,0.036056895721529536
0.13475,0.045532322487822574
0.10980000000000001,0.0647466982105121
0.08485000000000001,0.10269061988506892
0.05990000000000001,0.16049043964125342
0.03495,0.22936607515915924
0.01,0.303080068127283
