1.000000000000000021e-02 1.915776875932702697e-02 8.528450612055574925e-05
1.000000000000000056e-01 6.026980130747636860e-02 1.641783734229560084e-04
5.000000000000000000e-01 2.855889585076326065e-01 4.689459546578639000e-04
8.000000000000000444e-01 4.115464216287234578e-01 6.866665251854839162e-04
1.000000000000000000e+00 4.866478019836776858e-01 4.669545926001177961e-04
1.500000000000000000e+00 6.341952153264951431e-01 5.953755708447201105e-04
1.699999999999999956e+00 6.788795623377302801e-01 4.460824279404612138e-04
2.000000000000000000e+00 7.176920898544542071e-01 5.857175310819627253e-04
2.299999999999999822e+00 7.350826331331540286e-01 7.226167500425030761e-04
2.500000000000000000e+00 7.244770481326083811e-01 5.965280208233790776e-04
2.700000000000000178e+00 7.777321669812906624e-01 5.959750377988579009e-04
3.000000000000000000e+00 8.024390616606010829e-01 6.843951406704517097e-04
3.200000000000000178e+00 8.136616351131501501e-01 4.726182967353329272e-04
4.000000000000000000e+00 8.520892578202406975e-01 5.527147560533317511e-04
5.000000000000000000e+00 8.807629758068641346e-01 3.721608803110361039e-04
