1.000000000000000021e-02 7.236691987873078435e-03 0.000000000000000000e+00
1.000000000000000056e-01 5.207678415608561068e-02 1.954009539389825646e-09
5.000000000000000000e-01 2.843155366431801001e-01 7.586874973598538999e-07
8.000000000000000444e-01 4.045065632743333750e-01 1.363615260141807545e-06
1.000000000000000000e+00 4.817772916069811839e-01 2.037926015151798927e-06
1.500000000000000000e+00 6.221140287697400906e-01 2.655660062708767536e-06
2.000000000000000000e+00 6.992396860869871666e-01 2.377315285429325377e-06
2.299999999999999822e+00 7.031447884784887137e-01 7.175545366610908729e-06
2.500000000000000000e+00 7.582706652893855814e-01 2.220446049250313081e-16
2.700000000000000178e+00 7.769829805759826957e-01 1.110223024625156540e-16
3.000000000000000000e+00 8.014505025415235018e-01 1.048464815372010068e-10
4.000000000000000000e+00 8.510626097780823462e-01 0.000000000000000000e+00
5.000000000000000000e+00 8.798279642044175564e-01 1.110223024625156540e-16
