1.000000000000000056e-01 7.800008859127108285e-02 4.149045098735366521e-09
5.000000000000000000e-01 2.056957230786805868e-02 1.822257926566400775e-07
8.000000000000000444e-01 2.005502253454126416e-02 2.908428746951054901e-07
1.000000000000000000e+00 2.095087128096152773e-02 3.965784286382235333e-07
1.500000000000000000e+00 2.217667533540891925e-02 2.441802130395926028e-06
2.000000000000000000e+00 2.315412841330474064e-02 1.933939617372789528e-07
2.299999999999999822e+00 1.995489937298803099e-02 4.562995372903399096e-07
2.500000000000000000e+00 1.026715209071025125e-03 2.340470823324200436e-19
2.700000000000000178e+00 8.397440755245710962e-04 1.444473077876344602e-19
3.000000000000000000e+00 6.200334939830467193e-04 1.916845709569427332e-12
4.000000000000000000e+00 2.924558299149822814e-04 5.421010862427522170e-20
5.000000000000000000e+00 1.662098923257121074e-04 0.000000000000000000e+00
