5.0300000000000000000e-01 2.056957230786805868e-02 1.822257926566400775e-07
8.0300000000000000444e-01 2.005502253454126416e-02 2.908428746951054901e-07
1.0300000000000000000e+00 2.095087128096152773e-02 3.965784286382235333e-07
1.5300000000000000000e+00 2.217667533540891925e-02 2.441802130395926028e-06
2.0300000000000000000e+00 2.315412841330474064e-02 1.933939617372789528e-07
2.299999999999999822e+00 1.995489937298803099e-02 4.562995372903399096e-07
2.5300000000000000000e+00 1.026715209071025125e-03 2.340470823324200436e-19
2.700000000000000178e+00 8.397440755245710962e-04 1.444473077876344602e-19
3.0300000000000000000e+00 6.200334939830467193e-04 1.916845709569427332e-12
3.399999999999999911e+00 4.734134899432057998e-04 4.291045836809494898e-06
3.700000000000000178e+00 3.634966285528256095e-04 8.345260109951524615e-07
4.0300000000000000000e+00 2.924558299149822814e-04 5.421010862427522170e-20
4.299999999999999822e+00 2.400708179348117562e-04 3.772882118499417453e-11
4.700000000000000178e+00 1.949840023195199986e-04 4.689117541980950781e-12
5.0300000000000000000e+00 1.662098923257121074e-04 0.000000000000000000e+00