1.000000000000000021e-02 1.454897173480321042e-02 5.925011058026633371e-06
1.000000000000000056e-01 1.119377294655107546e-01 2.767983037947555210e-05
5.000000000000000000e-01 3.980863676992758005e-01 7.876853934623212006e-05
8.000000000000000444e-01 5.672578065870353958e-01 1.051657552351734450e-04
1.000000000000000000e+00 6.522854781165958737e-01 1.044081718416046468e-04
1.500000000000000000e+00 7.956813484950236992e-01 1.155775422174020215e-04
2.000000000000000000e+00 8.638553672604488698e-01 1.181669410712650974e-04
2.500000000000000000e+00 8.971267475896922416e-01 8.469057695459816901e-05
3.000000000000000000e+00 9.156489909465018728e-01 7.945849269664571326e-05
4.000000000000000000e+00 9.358999261446322437e-01 7.582882134938979360e-05
5.000000000000000000e+00 9.468621175880239660e-01 7.457312878957194908e-05
6.000000000000000000e+00 9.535134076076455800e-01 6.788951276793629295e-05
7.000000000000000000e+00 9.581834061195589891e-01 6.314674203063449620e-05
