1.000000000000000021e-02 6.992062492079832020e-03 6.198588020222521729e-05
1.000000000000000056e-01 2.990539994656221320e-02 1.689037624695065103e-05
5.000000000000000000e-01 4.195060162345907312e-02 1.366657629139738404e-05
8.000000000000000444e-01 2.962253220358145728e-02 1.644041079349591475e-05
1.000000000000000000e+00 2.131044483419092597e-02 1.420212209176995774e-05
1.500000000000000000e+00 1.131325432282811148e-02 1.192096781062059287e-05
2.000000000000000000e+00 7.514435118407936966e-03 1.077606167622046440e-05
2.500000000000000000e+00 5.834495453218627864e-03 6.617721879212010264e-06
3.000000000000000000e+00 4.910764053386155494e-03 6.133895743423343001e-06
4.000000000000000000e+00 3.912518077237399881e-03 5.599302185075189100e-06
5.000000000000000000e+00 3.388436260126654904e-03 5.346703092947493364e-06