1.000000000000000021e-02 6.585754991335458254e-03 9.011573121968464278e-07
1.000000000000000056e-01 3.847447880760446193e-02 2.300086591143758822e-06
5.000000000000000000e-01 1.082345452827363080e-01 3.322704985296933486e-06
8.000000000000000444e-01 1.066707006400210989e-01 3.674193920086415869e-06
1.000000000000000000e+00 8.973796622981729254e-02 5.529369944953671195e-06
1.500000000000000000e+00 1.014762178293370926e-01 9.279231210633885952e-06
2.000000000000000000e+00 3.946938338454418771e-01 9.275243655781618507e-06
2.299999999999999822e+00 6.341332856478942848e-01 4.821822004063355448e-06
2.500000000000000000e+00 9.361520695206867471e-01 1.632543991221459945e-07
2.700000000000000178e+00 9.413663585374579812e-01 1.178386394444653599e-07
3.000000000000000000e+00 9.470718407140545914e-01 1.288945508023026718e-07
4.000000000000000000e+00 9.585343948066215036e-01 9.386863909727649867e-08
5.000000000000000000e+00 9.640250234018006292e-01 1.898053057076547272e-07
