1.000000000000000021e-02 6.368155186466604653e-03 3.720249944551114800e-08
1.000000000000000056e-01 3.303253546750477276e-02 1.221058350506480333e-06
5.000000000000000000e-01 4.280090342238413587e-02 3.875135372190763205e-06
8.000000000000000444e-01 3.060518165913212602e-02 3.834649956308711370e-06
1.000000000000000000e+00 1.854110277916022967e-02 4.992931906494976826e-06
1.500000000000000000e+00 9.274598442061850884e-03 8.739505044858734720e-06
2.000000000000000000e+00 8.673240716469712841e-02 1.598070052026393751e-05
2.299999999999999822e+00 3.458705419887455473e-02 9.204347031350447328e-06
2.500000000000000000e+00 9.985967638444247230e-03 5.078475186558733152e-07
2.700000000000000178e+00 9.147374779449020735e-03 4.273539443242226510e-07
3.000000000000000000e+00 8.147004479962307102e-03 4.656839876254924679e-07
4.000000000000000000e+00 6.127971224660148410e-03 2.814327215359413799e-07
5.000000000000000000e+00 5.139618386739618940e-03 5.111887809809377737e-07
