1.000000000000000021e-02 1.188114014558689334e-02 3.827374701115231334e-04
1.000000000000000056e-01 6.132313026209892937e-02 3.950309514327755454e-04
5.000000000000000000e-01 8.188723125599012276e-02 3.568714366101729076e-04
8.000000000000000444e-01 6.685603212365148762e-02 4.885397740614823032e-04
1.000000000000000000e+00 8.486080279166477447e-02 3.446745024263636972e-04
1.500000000000000000e+00 9.270583508705289300e-02 3.092095237320685781e-04
1.699999999999999956e+00 7.397586308762850449e-02 2.836474740774340918e-04
2.000000000000000000e+00 9.277252395370103044e-02 3.478440865344458268e-04
2.299999999999999822e+00 9.085809229861614711e-02 3.532421109204938493e-04
2.500000000000000000e+00 7.008828663469723885e-02 3.599915609523135604e-04
2.700000000000000178e+00 1.913132920300852358e-01 3.579057258929324559e-04
3.000000000000000000e+00 8.853392075384886040e-01 3.780545208090080171e-04
3.200000000000000178e+00 8.919412032115141553e-01 2.739562682567509098e-04
4.000000000000000000e+00 9.138113886075825976e-01 3.038008444039937334e-04
5.000000000000000000e+00 9.295904893972392058e-01 1.971504854208250854e-04
