1.000000000000000021e-02 1.269936745326889424e-02 1.122492469923935945e-04
1.000000000000000056e-01 6.181604680089140130e-02 8.603033563588887475e-05
5.000000000000000000e-01 8.214949194289869472e-02 4.382358281304997433e-05
8.000000000000000444e-01 8.810759937051976243e-02 6.073028461751587171e-05
1.000000000000000000e+00 8.787758708804728480e-02 6.241595188833435443e-05
1.500000000000000000e+00 9.074901050318262552e-02 4.646610916743213886e-05
1.699999999999999956e+00 9.400529646885971702e-02 4.122070859054735093e-05
2.000000000000000000e+00 9.284186864914738269e-02 5.173959877984492809e-05
2.299999999999999822e+00 9.346029531707632232e-02 6.276602530943067339e-05
2.500000000000000000e+00 9.546353117407899158e-02 5.431593594334733089e-05
2.700000000000000178e+00 8.387346273738612024e-02 3.952341958959500325e-05
3.000000000000000000e+00 7.444572816510817287e-03 3.477002352105469977e-05
3.200000000000000178e+00 7.026459710055529655e-03 2.693990404924161695e-05
4.000000000000000000e+00 5.664384119303980496e-03 2.902663020263414659e-05
5.000000000000000000e+00 4.695202891751352331e-03 1.332344303722553051e-05
