1.000000000000000021e-02 1.207606391601568144e-02 4.343128698429552188e-08
1.000000000000000056e-01 1.293876239064743472e-01 6.233599753303712317e-07
5.000000000000000000e-01 4.297509555575213525e-01 1.375593447506609620e-06
8.000000000000000444e-01 6.373793545693442475e-01 1.555248852150086322e-06
1.000000000000000000e+00 8.108509388936905316e-01 2.007055560358093304e-06
1.500000000000000000e+00 9.423294967354616247e-01 5.243024179056982625e-06
2.000000000000000000e+00 8.654929358377823068e-01 6.882708430386329672e-06
2.299999999999999822e+00 8.331144713188666229e-01 3.974540215716470123e-06
2.500000000000000000e+00 8.929230391707303482e-01 3.203912707287595929e-07
2.700000000000000178e+00 9.026506744380770053e-01 2.358343311257884448e-07
3.000000000000000000e+00 9.134176716590531875e-01 2.576633182995714242e-07
4.000000000000000000e+00 9.353963074220120744e-01 1.874803356242542091e-07
5.000000000000000000e+00 9.460731391039844951e-01 3.804442649392440178e-07
