1.000000000000000021e-02 5.441666446881751606e-03 4.579572716267423420e-07
1.000000000000000056e-01 3.805339594663543351e-02 1.592031211245724253e-06
5.000000000000000000e-01 8.259889434638072181e-02 1.981960157436263083e-06
8.000000000000000444e-01 9.111759215896575448e-02 1.870797467502207919e-06
1.000000000000000000e+00 9.689560882855462187e-02 2.318461266837814485e-06
1.500000000000000000e+00 9.918160603167314182e-02 4.142816651683887529e-06
2.000000000000000000e+00 6.961077550632610578e-02 6.353483645615371229e-06
2.299999999999999822e+00 3.936883052932486221e-02 4.066470923339890211e-06
2.500000000000000000e+00 6.007975001951939079e-03 2.564225587681972390e-07
2.700000000000000178e+00 5.551772178363215647e-03 2.154906583235029101e-07
3.000000000000000000e+00 5.017269740432965357e-03 2.345588548446397377e-07
4.000000000000000000e+00 3.957223563276817714e-03 1.413250271857384652e-07
5.000000000000000000e+00 3.446689849585712288e-03 2.564996179483578219e-07