1.000000000000000021e-02 1.592844862935487854e-02 1.554819201083406472e-03
1.000000000000000056e-01 4.720286854320106251e-02 1.019516155146834007e-03
5.000000000000000000e-01 9.115147030848486098e-02 2.646799304643616783e-03
8.000000000000000444e-01 9.943082550410542453e-02 2.867976356942191028e-03
1.000000000000000000e+00 9.015668147762698204e-02 1.172654353744452755e-03
1.500000000000000000e+00 2.691525235614480871e-01 1.583550782481985648e-03
2.000000000000000000e+00 3.567981346953361110e-01 1.367525611043669733e-03
3.000000000000000000e+00 4.812854155144117296e-01 1.673876433442070136e-03
4.000000000000000000e+00 7.261425263845806555e-01 1.716464546276897209e-03
5.000000000000000000e+00 8.467453537099633998e-01 8.491774465363055493e-04
6.000000000000000000e+00 8.645199942423013040e-01 1.758148935089523133e-03
7.000000000000000000e+00 8.903210560189106504e-01 1.704048929286127974e-03
8.000000000000000000e+00 9.047495160362267752e-01 1.545041855495551172e-03
9.000000000000000000e+00 9.076039075545525581e-01 9.337836757954874828e-04
1.000000000000000000e+01 9.187680214885823871e-01 1.036777311485450942e-03
