1.000000000000000021e-02 6.031494973359020628e-01 9.495200294513167841e-03
1.000000000000000056e-01 4.261368754508261247e-01 6.976240296194423027e-03
5.000000000000000000e-01 2.025060421986454584e-01 2.217864315326137110e-03
8.000000000000000444e-01 1.786478477451981517e-01 2.048003078918183683e-03
1.000000000000000000e+00 1.666312870080358943e-01 9.806301311185334785e-04
1.500000000000000000e+00 1.360944699765710697e-01 1.133041495664080739e-03
2.000000000000000000e+00 1.003976486174467386e-01 7.743572430939740271e-04
2.500000000000000000e+00 7.701723343027117030e-02 8.970927590753413703e-04
3.000000000000000000e+00 6.011008826886946738e-02 8.969077332937687615e-04
3.500000000000000000e+00 4.934571817827698020e-02 8.613682034562371520e-04
4.000000000000000000e+00 4.115428314855853337e-02 5.617258940708520819e-04
4.500000000000000000e+00 3.366006568624097667e-02 7.676188205664306353e-04
5.000000000000000000e+00 2.649822724353300199e-02 5.989313585209227230e-04
6.000000000000000000e+00 2.121499238654232788e-02 2.777739084998479273e-04
7.000000000000000000e+00 1.844079527537064930e-02 7.525944519188774127e-04
8.000000000000000000e+00 1.674998103366422131e-02 3.887302929501913404e-04
9.000000000000000000e+00 1.342821362961447301e-02 4.791273634454711289e-04
1.000000000000000000e+01 1.185728696495510354e-02 3.058887823685752351e-04
