1.000000000000000021e-02 1.463820043203500031e-02 3.465612838214547327e-04
1.000000000000000056e-01 4.295850723845836411e-02 8.983824153243357737e-04
5.000000000000000000e-01 8.398706255528896880e-02 3.487189643919217123e-04
8.000000000000000444e-01 9.059756838024983494e-02 4.426535407663941663e-04
1.000000000000000000e+00 9.430163131898834650e-02 2.782726369708227480e-04
1.500000000000000000e+00 8.086221455210386433e-02 2.415036893088215973e-03
2.000000000000000000e+00 6.687645419804345848e-02 9.185610154348406104e-04
3.000000000000000000e+00 5.271910140667002836e-02 1.744260799647837394e-03
4.000000000000000000e+00 2.904592055868501430e-02 3.626671916205633319e-04
5.000000000000000000e+00 1.529732376909497329e-02 4.084971313544207374e-04
6.000000000000000000e+00 1.359483676494020743e-02 3.177630376829014363e-04
7.000000000000000000e+00 1.114103273151756911e-02 4.605390558915204054e-04
8.000000000000000000e+00 9.558065674606725654e-03 3.848136938140416636e-04
9.000000000000000000e+00 9.475479328451491892e-03 2.315461072762846795e-04
1.000000000000000000e+01 8.244588671642485295e-03 3.037342025933611979e-04
