1.000000000000000021e-02 1.109668269381216513e-04 1.354161634475331010e-06
1.000000000000000056e-01 2.093788196014719773e-04 2.071089646451009348e-06
5.999999999999999778e-01 3.073840663046035278e-04 1.778869741672855504e-06
8.000000000000000444e-01 3.013896792591535330e-04 1.185581428340556265e-06
1.000000000000000000e+00 3.569232226134481673e-04 2.064077642043760541e-06
1.500000000000000000e+00 4.211499144179905486e-04 1.997884474503421933e-06
2.000000000000000000e+00 5.246369325452741655e-04 2.045426119143332291e-06
3.000000000000000000e+00 5.887146275521984136e-04 1.535528882837008425e-06
4.000000000000000000e+00 6.726136542488491809e-04 1.977760480985464962e-06
5.000000000000000000e+00 8.229899997915185537e-04 1.157525105271449966e-06
6.000000000000000000e+00 8.517576845048582552e-04 1.077191109807510680e-06
7.000000000000000000e+00 8.871529168856170109e-04 1.719467470629895163e-06
8.000000000000000000e+00 9.115331814231284347e-04 2.644625032718501007e-06
9.000000000000000000e+00 9.332179128860651008e-04 1.109167596016539681e-06
1.000000000000000000e+01 9.517542972858769818e-04 1.104073914044479152e-06
1.100000000000000000e+01 9.749677543080293189e-04 1.764737954681829601e-06
1.200000000000000000e+01 9.849868450250538147e-04 1.121398008584115558e-06
1.300000000000000000e+01 9.731817729141629481e-04 9.289217735789532748e-07
