1.000000000000000021e-02 -4.543072515672251193e-07 8.551047227922505127e-07
1.000000000000000056e-01 7.405041228536075599e-05 5.339385324833772422e-07
5.999999999999999778e-01 1.511162564159466569e-04 8.044199627944098282e-07
8.000000000000000444e-01 1.602639478665628884e-04 6.483615045393236850e-07
1.000000000000000000e+00 1.588903403723060425e-04 3.833362142127452098e-07
1.500000000000000000e+00 1.581926287681865572e-04 5.810049878911360597e-07
2.000000000000000000e+00 1.555911225340279088e-04 6.464153018394873544e-07
3.000000000000000000e+00 1.494665967624507431e-04 5.728760534667231026e-07
4.000000000000000000e+00 1.389796657498778459e-04 5.160420292131348859e-07
5.000000000000000000e+00 1.193747941917453398e-04 5.812309204732175871e-07
6.000000000000000000e+00 1.164592699462035783e-04 3.851804163841715672e-07
7.000000000000000000e+00 1.115207144873233124e-04 4.235349931000581374e-07
8.000000000000000000e+00 1.107399622853886726e-04 4.350865532884118102e-07
9.000000000000000000e+00 1.108240528424527660e-04 4.345875678073267867e-07
1.000000000000000000e+01 1.091221534296559056e-04 4.347917090450747489e-07
1.100000000000000000e+01 1.087144190798929971e-04 5.737256505021138116e-07
1.200000000000000000e+01 1.075435567093462757e-04 2.666837513540485001e-07
1.300000000000000000e+01 1.093103911748629503e-04 4.985285905800442697e-07
