1.000000000000000021e-02 1.001470124491049551e-02 0.000000000000000000e+00
1.000000000000000056e-01 6.421610614925661598e-02 1.621265003885884274e-08
5.000000000000000000e-01 8.213313047605919071e-02 2.033830341677285971e-07
8.000000000000000444e-01 8.652155900952158973e-02 3.846025894070076006e-07
1.000000000000000000e+00 8.792139803233790796e-02 1.604293993525869983e-07
1.500000000000000000e+00 8.875395982644934678e-02 5.125592914376105733e-07
2.000000000000000000e+00 8.774968522558221351e-02 2.802071476874234779e-07
2.299999999999999822e+00 8.818979574813921862e-02 7.232415913369636931e-07
2.500000000000000000e+00 7.419770185156948639e-02 1.384304986144779985e-17
2.700000000000000178e+00 7.384926366762821492e-02 0.000000000000000000e+00
3.000000000000000000e+00 7.483498992116527707e-03 5.291862909958455353e-12
4.000000000000000000e+00 5.658547181414717332e-03 8.673617379884035472e-19
5.000000000000000000e+00 4.706626700562250784e-03 8.673617379884035472e-19
