1.000000000000000021e-02 1.001470124491049551e-02 0.000000000000000000e+00
1.000000000000000056e-01 6.603477598674546700e-02 1.072027228892357529e-08
5.000000000000000000e-01 8.785717855061724035e-02 1.730276808940099972e-06
8.000000000000000444e-01 8.261338098578088762e-02 4.914182449374688060e-06
1.000000000000000000e+00 8.592548586195816740e-02 1.479501427015411098e-06
1.500000000000000000e+00 1.133181340556627670e-01 9.159224623624091728e-06
2.000000000000000000e+00 1.373154253265291003e-01 2.864989051291733267e-06
2.299999999999999822e+00 1.332352167478564053e-01 7.851857041636403455e-06
2.500000000000000000e+00 2.740560526277248110e-01 5.551115123125782702e-17
2.700000000000000178e+00 2.821108274404736660e-01 5.551115123125782702e-17
3.000000000000000000e+00 8.852772078454563820e-01 6.991219364269684710e-11
4.000000000000000000e+00 9.136133737523638443e-01 1.110223024625156540e-16
5.000000000000000000e+00 9.293304426411933550e-01 1.110223024625156540e-16
